99957.4453,99996.8047 
99953.0781,1570.74939 
99960.8359,3149.78516 
99963.6719,4713.24072 
99961.7734,6278.60156 
99955.5078,7792.69482 
99968.3203,9333.58398 
99992.5859,10904.8896 
11.6599369,12465.9277 
30.6441040,14000.9961 
41.9313202,15537.5918 
49.0849228,17116.0117 
61.3132401,18699.1523 
65.6115570,20312.4219 
58.6251373,21898.2070 
47.4480896,23480.3477 
25.3202362,25065.1582 
15.1741590,26637.2637 
15.6833229,28225.3887 
99989.3438,29788.1719 
99964.4375,31338.1445 
99951.0625,32903.6641 
99936.5859,34450.3398 
99936.4766,35989.9805 
99947.4922,37557.1914 
99969.7891,39110.4258 
99981.1484,40647.9258 
99984.9688,42187.9297 
99994.1484,43783.3594 
99980.8359,45368.8320 
99966.3828,46961.1055 
99980.1484,48545.7852 
1507.60083,99978.6562 
1502.26514,1580.35925 
1516.04858,3155.75562 
1511.50549,4706.64844 
1500.88513,6270.02588 
1508.21362,7802.24609 
1537.85693,9364.52539 
1561.85498,10925.6992 
1573.02417,12478.7822 
1576.42371,14009.4795 
1582.59058,15548.5137 
1596.59497,17132.1895 
1613.96667,18713.2598 
1618.77454,20304.6797 
1598.51331,21880.7441 
1586.95044,23468.5996 
1585.84460,25054.9551 
1579.45667,26639.0254 
1568.61719,28207.3887 
1545.43359,29754.0039 
1531.02917,31328.9297 
1523.80957,32888.6758 
1509.70093,34442.3242 
1514.34363,36002.4453 
1523.97229,37569.0820 
1526.96082,39121.6875 
1539.07581,40657.8320 
1562.11865,42204.3828 
1570.90466,43783.2539 
1562.97778,45352.0742 
1562.40796,46963.5781 
1572.15588,48561.3867 
3047.36060,99956.9844 
3037.95166,1587.91577 
3046.59277,3164.95264 
3055.80640,4701.05518 
3067.58105,6278.33789 
3102.08789,7835.45264 
3132.67578,9387.24902 
3131.86157,10928.5498 
3120.90869,12477.7051 
3115.66553,14009.7471 
3116.56152,15553.9668 
3114.25610,17139.8789 
3118.53760,18727.2773 
3121.48438,20296.1680 
3114.35986,21867.0020 
3116.83008,23472.1309 
3108.38330,25042.6211 
3084.80591,26621.5762 
3081.35620,28205.4004 
3098.67432,29750.9863 
3098.23926,31320.3047 
3083.06641,32875.4766 
3076.99609,34437.9180 
3076.93872,36008.5352 
3080.72070,37573.9570 
3098.07031,39133.1211 
3115.03369,40678.2930 
3125.82520,42220.1836 
3134.66919,43782.6562 
3146.20337,45355.5000 
3156.83032,46972.2070 
3159.42627,48564.6094 
4592.40332,99954.9297 
4595.50195,1583.56982 
4588.42334,3175.37549 
4607.61377,4720.23633 
4630.42920,6302.48438 
4649.35205,7869.40186 
4665.82666,9398.86328 
4672.23730,10918.9326 
4663.93994,12464.0322 
4649.18066,14005.4668 
4646.28613,15553.3467 
4648.36377,17136.0332 
4646.90381,18728.3359 
4646.60547,20294.5996 
4651.91943,21869.4180 
4644.38818,23464.9297 
4629.53760,25027.5527 
4631.95654,26614.4727 
4629.06885,28213.5801 
4629.18457,29763.5938 
4635.67920,31312.7109 
4638.07031,32869.0586 
4639.05078,34437.5781 
4634.88379,36005.3477 
4636.44238,37587.7422 
4651.74121,39154.8906 
4662.84766,40683.5273 
4672.08301,42230.4648 
4694.34961,43805.0977 
4721.02051,45373.6484 
4729.40332,46972.6094 
4726.17627,48565.2148 
6175.12549,99979.3438 
6181.10547,1568.40320 
6153.60059,3167.70386 
6153.95508,4744.04834 
6173.39648,6315.50146 
6177.56104,7874.22949 
6180.19238,9411.41699 
6196.10498,10929.9365 
6198.08350,12449.6465 
6177.46289,13988.8057 
6172.78125,15561.3799 
6193.83203,17148.7676 
6213.70508,18734.5996 
6232.64941,20305.8105 
6242.78662,21868.7949 
6223.83594,23440.3105 
6200.63770,25022.7207 
6194.75293,26614.8965 
6181.93652,28197.0664 
6173.11523,29765.9688 
6184.58154,31327.3320 
6199.87744,32876.8320 
6201.68994,34434.9648 
6201.67920,36003.4844 
6195.55469,37584.1680 
6180.06152,39159.4180 
6194.18994,40703.6758 
6219.68457,42246.8125 
6223.17969,43820.8047 
6242.17676,45398.0078 
6267.19824,46976.5312 
6267.94141,48565.1562 
7729.40381,99997.8281 
7736.74805,1555.12573 
7721.52295,3141.65625 
7707.50732,4754.56592 
7726.67529,6337.73096 
7750.58350,7880.79248 
7758.61523,9417.07422 
7754.68555,10935.2793 
7753.22461,12442.7637 
7758.18066,13978.5488 
7761.74463,15571.0449 
7768.54834,17168.9414 
7782.46484,18756.4102 
7801.34570,20325.6504 
7807.97314,21864.7773 
7794.82812,23412.9883 
7768.14502,25000.6250 
7754.74170,26608.7168 
7761.77930,28195.1113 
7767.66895,29768.6934 
7766.64160,31335.5762 
7767.72607,32882.3594 
7767.73193,34433.1836 
7760.51416,36000.6562 
7745.57471,37565.7070 
7734.46436,39152.3320 
7737.34912,40725.2148 
7748.59326,42257.7852 
7771.49365,43834.6445 
7810.39795,45436.0078 
7832.22070,46985.4414 
7820.05078,48555.0352 
9296.14551,99996.6250 
9300.85254,1565.98633 
9312.26074,3130.48804 
9308.58008,4753.49854 
9313.32031,6359.92480 
9328.71484,7898.90479 
9336.56836,9414.55273 
9323.39355,10924.0303 
9324.28906,12456.5527 
9349.49414,13995.6797 
9362.65918,15571.9238 
9357.15918,17166.4590 
9348.50098,18761.8906 
9340.67773,20329.8359 
9336.71582,21863.6328 
9338.86914,23400.6719 
9337.50098,24986.9160 
9344.18457,26616.0840 
9351.44336,28202.4980 
9348.14648,29766.0723 
9342.54980,31331.4609 
9334.00781,32880.1289 
9323.03613,34425.4570 
9309.89062,35984.3242 
9305.69141,37559.3242 
9315.04883,39154.9492 
9313.85449,40724.2070 
9324.48828,42282.0938 
9360.84570,43874.9766 
9381.98438,45461.2500 
9389.49121,46983.8867 
9386.55078,48537.8203 
10905.7627,99978.5078 
10887.7803,1571.23181 
10886.3164,3135.76538 
10888.3281,4751.20947 
10882.9834,6362.00439 
10882.8301,7910.74268 
10890.2764,9412.52148 
10883.7783,10910.3350 
10879.7119,12467.7852 
10890.9043,14016.3994 
10906.8926,15579.7363 
10909.3154,17158.1523 
10893.6895,18746.5273 
10875.3115,20316.0723 
10870.0547,21866.5977 
10884.7695,23413.3633 
10904.4922,24996.8691 
10909.4727,26621.3828 
10904.3408,28199.6387 
10899.5117,29760.3574 
10886.1406,31317.9844 
10859.5127,32857.7070 
10831.2783,34409.8086 
10833.0479,35990.0078 
10858.6367,37574.4688 
10867.3828,39158.8398 
10872.6865,40727.4805 
10890.8135,42305.6836 
10898.9590,43888.8672 
10901.6992,45469.8203 
10921.6885,46999.9922 
10933.4824,48533.7227 
12506.3408,99960.8906 
12483.9961,1550.42651 
12468.2432,3135.48999 
12474.3652,4751.59180 
12462.3125,6346.31787 
12436.5801,7907.07959 
12430.0625,9416.75195 
12438.6904,10910.4668 
12449.2236,12473.8770 
12461.6084,14031.3633 
12474.4033,15589.4404 
12468.0137,17144.4473 
12446.5059,18726.3066 
12436.3086,20309.4141 
12441.6055,21873.7500 
12448.7275,23430.4980 
12454.6182,25005.8555 
12449.2773,26611.9590 
12434.5361,28189.9375 
12415.5547,29747.3320 
12398.4365,31299.6230 
12390.4844,32834.4844 
12381.1152,34393.8945 
12383.9561,36011.1094 
12403.5781,37593.7578 
12417.2842,39164.9883 
12441.0918,40751.0078 
12462.7305,42319.2734 
12463.6104,43886.8906 
12462.7959,45480.3086 
12464.5850,47011.8672 
12467.1787,48536.7344 
14089.0039,99954.0703 
14073.0791,1525.84607 
14066.8047,3139.96240 
14073.6543,4753.49463 
14051.5244,6313.98535 
14016.6797,7877.90039 
13995.0840,9414.52441 
13997.4268,10922.9336 
13999.0654,12479.9932 
13998.1797,14043.3330 
14007.9150,15596.3018 
14013.0996,17133.3418 
14005.8330,18708.4863 
13989.5088,20305.0898 
13982.1553,21876.4102 
13976.9277,23427.9883 
13971.8066,25004.2812 
13973.4453,26606.2188 
13966.9170,28170.1777 
13944.7891,29723.5156 
13930.1758,31292.7305 
13932.8613,32841.2344 
13955.0947,34402.8086 
13973.8662,36022.4805 
13980.6152,37607.7578 
13991.2598,39183.3281 
14003.0439,40772.8359 
14013.1045,42326.8086 
14020.3174,43882.9414 
14010.6475,45469.2812 
13996.5303,47009.3828 
14003.5127,48547.4297 
15670.9258,99944.5312 
15653.8213,1511.13684 
15649.2754,3144.32837 
15632.5938,4733.89209 
15600.5859,6285.26172 
15588.1445,7857.46582 
15573.1787,9401.72363 
15563.3164,10921.6045 
15548.8623,12464.8477 
15533.1719,14042.0498 
15532.9697,15604.1699 
15537.6045,17139.9043 
15542.8311,18700.1621 
15533.0186,20286.6758 
15515.6270,21866.6152 
15508.8271,23425.5352 
15513.4971,25006.0410 
15513.2969,26608.6953 
15514.5811,28164.4297 
15520.6855,29714.0820 
15519.9863,31284.2266 
15515.4023,32850.4766 
15536.3613,34434.7422 
15556.6572,36030.2656 
15547.9922,37603.0625 
15534.2744,39181.4141 
15526.8535,40775.7539 
15538.5645,42346.2969 
15567.9355,43899.2734 
15580.1807,45456.7188 
15563.0703,46998.5156 
15553.3857,48554.6172 
17260.9883,99924.1484 
17241.5469,1496.64990 
17227.3555,3134.48584 
17206.8164,4702.66553 
17183.8926,6265.34033 
17162.2676,7843.24902 
17138.3887,9384.36426 
17127.9082,10914.0049 
17116.8828,12446.4023 
17102.1445,14033.6533 
17095.1738,15602.4277 
17096.3281,17144.5020 
17102.3047,18704.1699 
17105.4707,20278.7520 
17096.9277,21850.0000 
17084.0059,23424.6621 
17084.7891,25007.5508 
17073.3965,26598.4727 
17065.7441,28172.3691 
17079.4609,29727.0273 
17090.1016,31284.9375 
17100.6035,32858.7422 
17115.8730,34456.7852 
17124.0254,36031.5898 
17122.0508,37591.7266 
17126.1680,39177.1172 
17130.0273,40774.0938 
17115.5723,42352.2617 
17101.2266,43913.8125 
17091.8691,45448.4688 
17075.6484,46978.9805 
17074.6250,48558.3047 
18813.6230,99909.8359 
18812.8613,1486.30811 
18795.3594,3112.62280 
18772.2266,4685.61523 
18757.2578,6242.59229 
18724.2324,7809.48730 
18697.5215,9367.43555 
18690.9766,10909.6270 
18687.8555,12433.7158 
18673.1387,14016.9092 
18653.1289,15597.1221 
18653.2676,17152.6582 
18658.3809,18706.4492 
18658.2188,20279.8066 
18664.1836,21843.8926 
18669.1836,23422.2793 
18670.6270,25004.5098 
18655.6699,26577.1523 
18635.3516,28170.6523 
18635.5898,29737.4395 
18645.8887,31297.2090 
18667.8262,32878.6992 
18684.1602,34466.3828 
18684.9121,36033.2930 
18691.9082,37600.6406 
18709.8477,39192.8086 
18714.1641,40764.8555 
18689.6270,42319.2734 
18654.7012,43887.8945 
18624.2871,45427.8984 
18613.4160,46977.3516 
18619.8828,48566.2695 
20343.1426,99908.8828 
20346.4492,1485.09326 
20329.6445,3082.64966 
20304.4316,4668.14600 
20284.6230,6221.29395 
20266.0488,7782.53076 
20254.7539,9354.66797 
20246.0820,10908.1934 
20250.7402,12435.4951 
20246.6426,13994.9238 
20217.8418,15574.4697 
20197.3125,17153.0703 
20201.6016,18711.7754 
20217.6016,20288.9922 
20237.3398,21860.5371 
20254.1738,23430.6074 
20255.6836,25000.7910 
20248.8770,26556.1055 
20230.0156,28154.9004 
20224.1250,29744.3359 
20237.6191,31314.7441 
20256.3379,32901.8203 
20266.0488,34469.1133 
20262.1270,36031.8164 
20269.6602,37614.5859 
20277.3496,39201.3477 
20271.4277,40755.7344 
20262.8398,42297.1211 
20240.3145,43855.6797 
20212.8477,45404.9336 
20198.9023,46973.2930 
20185.5781,48559.3594 
21891.5879,99914.4922 
21891.9004,1477.30054 
21878.3320,3063.94263 
21862.3320,4645.27002 
21834.0312,6198.45312 
21827.0762,7780.63672 
21833.0137,9348.62891 
21825.3535,10902.0117 
21823.6250,12440.2832 
21819.4297,13978.6875 
21798.5957,15544.7334 
21773.6250,17140.1309 
21773.2305,18729.4609 
21795.4668,20311.2051 
21815.4980,21881.2012 
21831.9141,23437.4863 
21835.6797,25000.5215 
21843.2988,26554.0684 
21841.0996,28139.6797 
21833.5430,29748.4844 
21837.5957,31326.0156 
21835.7891,32908.4805 
21831.1465,34467.1094 
21835.9062,36036.7305 
21847.7832,37625.1680 
21841.4590,39191.8867 
21824.6172,40746.2734 
21816.9043,42287.2227 
21806.5488,43831.6367 
21794.7227,45389.8398 
21789.8672,46964.3320 
21792.5781,48552.3125 
23436.1094,99930.3281 
23442.7598,1467.34351 
23428.2773,3049.71387 
23410.4121,4623.53662 
23400.4941,6183.60449 
23401.2539,7786.29736 
23392.5273,9343.16895 
23384.3086,10897.4014 
23390.0664,12445.0674 
23396.2227,13972.0781 
23388.4902,15522.5020 
23369.6387,17120.4551 
23360.5391,18737.0508 
23361.1270,20322.4863 
23360.8027,21897.3047 
23383.8027,23458.8496 
23412.3789,25012.1777 
23431.5449,26566.7051 
23445.5098,28136.0566 
23441.2969,29743.0527 
23425.4531,31318.2402 
23404.3008,32894.5352 
23395.5117,34468.6953 
23409.1680,36052.0234 
23414.4160,37624.3672 
23401.7539,39174.0391 
23388.6523,40733.0938 
23379.2598,42283.3984 
23385.3672,43832.6914 
23394.1289,45387.6953 
23404.3301,46975.3125 
23431.3320,48571.6016 
24965.2793,99935.9297 
24967.2891,1466.93262 
24963.7109,3032.34912 
24952.0508,4614.57080 
24958.2227,6190.65723 
24954.7910,7774.45703 
24936.9258,9328.20898 
24938.7559,10900.6816 
24941.4180,12450.7314 
24939.3145,13974.6455 
24945.3027,15519.6504 
24956.1309,17115.3145 
24961.4258,18736.1797 
24957.0176,20312.5918 
24944.6953,21895.1523 
24949.7402,23488.6543 
24974.1250,25039.5488 
25005.0781,26595.4219 
25043.8691,28153.9414 
25047.9551,29725.2754 
25018.2305,31290.6953 
24995.7637,32875.6602 
24985.4980,34470.4453 
24981.7832,36059.7422 
24977.6309,37617.3945 
24975.9160,39167.5781 
24973.0156,40723.5117 
24966.0645,42279.5039 
24973.0410,43847.2109 
24993.1934,45401.5391 
25014.7383,46996.4922 
25022.5801,48585.4844 
26512.5195,99924.3359 
26503.5742,1469.21436 
26503.9082,3026.66162 
26497.8516,4609.56396 
26493.0293,6193.16699 
26486.1777,7761.07373 
26484.7305,9329.41309 
26491.3770,10908.6602 
26494.4316,12446.6914 
26499.8359,13975.9873 
26511.7715,15535.5918 
26531.8477,17131.6016 
26540.4238,18737.1543 
26539.0977,20309.8965 
26546.5156,21893.2793 
26549.3789,23494.5059 
26553.2969,25057.0605 
26574.6406,26633.2363 
26607.1465,28185.9824 
26621.0996,29712.2930 
26613.1016,31270.1035 
26606.1484,32865.5000 
26591.4180,34454.1680 
26567.4902,36046.9727 
26563.7715,37619.7109 
26568.1758,39166.8711 
26558.9785,40716.4414 
26560.0293,42283.2852 
26575.0879,43865.2734 
26599.7520,45427.4023 
26613.9355,47005.3242 
26604.8066,48575.2852 
28047.4531,99922.3438 
28050.0938,1465.39832 
28049.1953,3024.36426 
28044.4727,4602.00537 
28035.2617,6185.15576 
28024.5430,7754.98242 
28018.4883,9326.65723 
28006.9004,10905.7236 
28016.6523,12465.0479 
28051.6465,13997.8789 
28077.2969,15553.3574 
28098.1953,17149.8965 
28109.1777,18735.7637 
28105.2441,20310.9258 
28112.7773,21905.5566 
28128.7051,23502.3867 
28148.8926,25072.5625 
28156.6895,26646.5684 
28148.6465,28200.3906 
28161.1758,29723.6055 
28173.5234,31266.6191 
28162.1055,32854.4258 
28150.5215,34436.3047 
28143.4160,36033.4453 
28136.6895,37623.3438 
28131.4844,39160.3984 
28128.3086,40711.1953 
28133.9473,42293.2539 
28145.2305,43885.1836 
28167.4004,45449.7578 
28169.9023,46996.7148 
28156.0488,48569.2188 
29577.5840,99933.4375 
29587.0410,1472.46191 
29597.4121,3025.90503 
29598.4395,4596.45508 
29587.6758,6169.33936 
29573.2109,7747.53223 
29580.9609,9327.60449 
29591.7578,10903.8594 
29601.6406,12488.6943 
29621.8379,14029.0938 
29650.4199,15579.9541 
29675.0352,17168.7676 
29678.8945,18735.9453 
29681.9824,20315.6270 
29706.0820,21925.3730 
29725.3164,23519.1113 
29724.2520,25081.0801 
29705.3184,26626.4922 
29682.8320,28190.9062 
29686.2520,29744.2168 
29699.9863,31268.2480 
29698.5332,32841.5156 
29702.3848,34440.7812 
29711.7793,36029.4102 
29696.9922,37608.7734 
29690.9004,39161.9844 
29709.6367,40723.1055 
29720.3301,42297.7344 
29718.9824,43895.0117 
29719.6602,45461.7891 
29715.0332,46983.7188 
29709.0449,48563.6250 
31153.7734,99929.7422 
31152.1816,1482.58386 
31161.0371,3033.93164 
31166.0996,4595.87500 
31169.3633,6160.33545 
31174.9512,7750.03027 
31188.3281,9345.38574 
31197.7578,10913.0801 
31205.6094,12499.7715 
31217.9023,14047.4307 
31233.4609,15606.1543 
31247.2051,17178.0039 
31248.1348,18730.7559 
31253.6211,20333.7617 
31275.1973,21954.0547 
31280.4727,23514.7812 
31257.0254,25058.4785 
31244.9395,26612.0312 
31248.4629,28184.3320 
31238.4043,29745.7832 
31239.7070,31280.4961 
31258.1602,32848.7031 
31266.5801,34452.0547 
31269.4883,36027.0508 
31261.6035,37594.0859 
31263.6855,39176.4727 
31280.5742,40741.5586 
31289.9355,42299.4844 
31286.2500,43884.7617 
31264.3750,45447.6602 
31257.1348,46984.7656 
31275.3750,48572.8125 
32730.2227,99927.1250 
32733.5293,1486.84900 
32740.5156,3041.10034 
32749.1719,4603.34912 
32766.1621,6174.34912 
32784.6133,7763.86719 
32795.8086,9354.43359 
32801.4453,10915.4785 
32804.1523,12509.4023 
32810.2891,14056.2275 
32809.0898,15611.2275 
32812.3203,17189.2676 
32836.5586,18744.0293 
32852.9688,20340.8164 
32840.6367,21954.4219 
32824.3867,23501.5859 
32815.8281,25044.9668 
32819.7500,26621.2285 
32827.6133,28183.1973 
32820.6172,29731.9883 
32819.8789,31293.5020 
32825.1953,32856.8398 
32814.5859,34448.0898 
32815.2305,36030.1797 
32828.8203,37592.7422 
32829.4688,39182.2109 
32830.2227,40752.2070 
32839.5078,42308.1055 
32846.1562,43877.2266 
32841.1953,45432.4258 
32847.0273,47000.4062 
32865.9688,48590.0859 
34304.5625,99930.9766 
34316.8477,1497.98682 
34337.5742,3053.32886 
34351.9453,4617.67285 
34371.7148,6195.84912 
34382.1133,7771.02051 
34379.3477,9363.14746 
34389.0117,10921.8535 
34387.9844,12506.4395 
34380.4844,14057.1895 
34383.6562,15609.7275 
34389.0859,17201.4160 
34405.2734,18772.8809 
34420.6562,20340.6289 
34405.0156,21928.1621 
34381.1836,23486.6660 
34370.4531,25042.3398 
34376.0156,26631.4375 
34392.1992,28190.9199 
34401.9102,29730.7637 
34396.5781,31291.9297 
34387.9961,32847.5039 
34380.8008,34437.9570 
34389.9961,36053.7031 
34425.7617,37613.8086 
34435.6992,39174.0391 
34421.0391,40749.3633 
34417.8008,42315.0938 
34421.5000,43879.1055 
34419.5820,45431.3438 
34422.7656,47014.3828 
34433.4297,48600.6484 
35879.8086,99935.8438 
35905.2930,1527.84766 
35936.8359,3074.54590 
35949.6211,4628.70117 
35959.2070,6214.12402 
35967.0820,7765.36182 
35950.7617,9354.58203 
35943.1250,10929.1416 
35944.1445,12496.7148 
35931.2852,14050.7510 
35932.3320,15619.8975 
35945.3594,17209.0938 
35950.4648,18785.0723 
35956.0938,20343.2266 
35954.0039,21910.7930 
35947.5664,23473.4629 
35950.5234,25043.5762 
35961.7695,26646.5898 
35967.6797,28203.5469 
35969.0430,29729.9824 
35967.1211,31283.8145 
35978.1758,32855.4883 
35994.2461,34438.3008 
35984.9609,36065.2539 
35987.1602,37640.2500 
36000.0781,39170.0391 
35997.2812,40737.9805 
36000.4258,42321.5352 
36010.2852,43880.2422 
36005.2617,45425.7305 
36005.3594,47020.4766 
36004.6445,48603.9336 
37487.0859,99953.0625 
37500.5977,1552.55566 
37514.6172,3096.59937 
37529.7539,4633.35352 
37527.3242,6220.02783 
37528.5742,7764.33398 
37517.0938,9331.76074 
37493.9648,10923.7021 
37488.1406,12493.6250 
37491.1719,14044.8555 
37502.7773,15633.2158 
37513.7656,17217.2715 
37512.8281,18786.1191 
37515.3164,20348.1484 
37521.4883,21910.8125 
37528.8281,23481.5547 
37548.3789,25060.0625 
37554.9141,26644.5527 
37537.7539,28195.4746 
37547.8945,29743.0723 
37577.9609,31296.5938 
37591.4180,32873.8477 
37595.3828,34436.8867 
37577.0664,36039.3984 
37548.9219,37637.9961 
37547.7031,39181.3945 
37559.4023,40741.6836 
37565.2812,42332.6992 
37569.2695,43882.2812 
37569.5078,45423.6133 
37571.3867,47021.2188 
37555.0039,48588.0586 
39093.7344,99964.2734 
39086.6797,1549.95520 
39085.6875,3110.86230 
39095.3164,4638.95996 
39091.1328,6210.92627 
39083.2109,7762.52148 
39076.9023,9312.82227 
39061.2031,10903.6328 
39048.7227,12494.5498 
39062.2617,14064.2490 
39079.9258,15645.4727 
39073.8086,17212.9492 
39067.1602,18783.7988 
39075.2109,20359.1152 
39091.9258,21918.9961 
39097.5430,23488.8086 
39100.8242,25074.7461 
39105.9180,26638.1426 
39106.9922,28192.8496 
39126.3086,29778.0820 
39157.9492,31321.0996 
39169.3555,32875.1055 
39171.5820,34436.5781 
39171.7539,36018.0781 
39143.6289,37608.6367 
39115.7070,39181.5430 
39115.3242,40747.0312 
39108.7031,42327.8672 
39097.6172,43881.6758 
39101.7930,45428.4492 
39099.7734,47011.3516 
39082.7852,48565.0117 
40643.6758,99956.5078 
40638.7656,1544.08838 
40630.3984,3109.85913 
40627.8906,4644.96143 
40640.0938,6209.50879 
40640.9219,7756.86377 
40637.1797,9310.54199 
40641.2734,10895.0840 
40631.8906,12486.1953 
40621.7500,14075.7158 
40619.0898,15642.4688 
40615.9414,17205.4746 
40621.9531,18787.7793 
40625.7891,20372.0957 
40638.9297,21937.2012 
40661.3203,23495.5039 
40673.5781,25077.9082 
40677.0586,26643.3164 
40687.4297,28202.8906 
40699.2031,29797.9160 
40713.7656,31343.2773 
40728.6641,32882.2070 
40731.8359,34441.4219 
40729.8477,36009.9609 
40713.6484,37574.1484 
40690.8867,39166.4727 
40684.7422,40746.8008 
40669.6562,42306.5352 
40643.3711,43871.9375 
40640.6016,45435.3203 
40647.8750,47006.6133 
40650.6836,48557.6602 
42185.6016,99956.6328 
42184.4062,1536.50012 
42164.2617,3092.19995 
42157.2305,4654.13135 
42171.9297,6225.07129 
42180.8203,7753.08105 
42179.0938,9309.97949 
42179.7383,10897.0371 
42175.3477,12470.3496 
42160.7852,14065.6416 
42160.1016,15646.4902 
42178.3867,17218.9219 
42190.0859,18791.6660 
42188.5547,20370.2812 
42196.2227,21956.9141 
42225.9727,23527.8047 
42255.7812,25089.7617 
42261.4219,26647.2344 
42274.2773,28220.5703 
42291.1797,29807.5918 
42291.0664,31351.1914 
42291.1602,32886.8477 
42289.7891,34436.0625 
42279.9062,36002.3047 
42272.7812,37561.0156 
42263.4805,39152.7812 
42247.8711,40736.0586 
42231.2969,42281.5859 
42214.3789,43854.0625 
42206.6719,45440.1367 
42209.0781,47014.3203 
42205.5234,48552.6328 
43718.5156,99964.4922 
43713.7656,1521.52344 
43703.0586,3080.17114 
43707.6875,4659.39697 
43706.6797,6231.74023 
43711.6094,7763.22754 
43730.6094,9315.47461 
43737.3750,10897.6533 
43738.0586,12465.9170 
43736.6328,14056.3809 
43729.5664,15652.4883 
43729.2773,17231.8613 
43736.0391,18798.3691 
43760.7773,20386.1211 
43789.7227,21976.1973 
43799.5625,23551.5410 
43809.4141,25104.8984 
43824.2734,26654.7207 
43837.8594,28237.5059 
43838.6797,29807.2402 
43828.2656,31343.0781 
43827.0742,32890.8516 
43828.0039,34431.7227 
43816.4609,35989.1758 
43803.7812,37554.0859 
43794.5117,39140.2344 
43781.0195,40720.6055 
43771.8555,42273.3984 
43769.8125,43845.6406 
43755.4336,45427.8711 
43734.2500,47005.4727 
43721.5508,48538.9805 
45291.3164,99977.7188 
45294.5078,1509.14673 
45286.3828,3081.86401 
45290.1016,4664.76025 
45284.3789,6221.53223 
45276.7031,7774.45312 
45294.3516,9337.24707 
45307.6484,10898.5137 
45306.2461,12468.7002 
45311.8750,14055.2705 
45304.8594,15638.8623 
45289.1719,17227.9922 
45298.8555,18819.1328 
45332.8750,20424.6016 
45358.5781,21990.9492 
45356.7656,23546.0547 
45355.7227,25118.7891 
45378.7891,26678.2129 
45394.1602,28241.8066 
45390.5703,29800.2695 
45396.6523,31343.8203 
45396.0156,32885.5312 
45372.5625,34416.8945 
45356.6016,35976.5938 
45346.6914,37542.0547 
45328.0312,39125.6016 
45306.8828,40704.2695 
45290.9258,42266.3984 
45284.7188,43839.9453 
45274.8555,45407.5977 
45261.6016,46990.7812 
45257.0781,48536.6719 
46865.1641,99994.5703 
46875.9648,1508.16907 
46881.9883,3076.35522 
46868.7656,4657.58936 
46855.5000,6212.25439 
46860.2891,7779.92236 
46869.2266,9352.80469 
46867.2812,10897.0684 
46859.7617,12467.5498 
46863.3359,14062.5615 
46873.0742,15629.8369 
46871.6211,17223.2227 
46879.9141,18843.0000 
46898.7031,20451.0273 
46914.5312,22004.8105 
46931.1094,23546.0918 
46929.9961,25121.4141 
46923.5000,26692.7402 
46924.6094,28242.7441 
46921.0156,29800.2773 
46921.4023,31353.5684 
46920.6016,32871.1680 
46908.6836,34395.3828 
46902.1250,35971.6523 
46899.6172,37529.2148 
46883.2188,39100.3711 
46860.4570,40684.5156 
46851.3984,42258.6914 
46846.1602,43834.5430 
46835.9766,45396.2891 
46821.0898,46980.6484 
46811.6875,48534.7188 
48410.9727,99991.4609 
48424.7500,1533.69958 
48453.0938,3083.38403 
48448.9102,4635.32373 
48433.6680,6209.61084 
48441.4102,7793.39697 
48439.8398,9345.56934 
48423.7188,10884.2217 
48416.1680,12462.6348 
48420.9336,14077.2969 
48446.4062,15648.4033 
48462.9766,17225.5391 
48465.4336,18851.5410 
48466.1875,20457.9941 
48469.3242,22020.5000 
48479.4766,23556.9727 
48473.0938,25106.5039 
48459.3047,26684.3555 
48454.3750,28240.6699 
48449.0352,29791.3359 
48438.0391,31347.1484 
48430.8281,32869.3906 
48432.1836,34392.7070 
48430.6094,35971.7227 
48436.5156,37532.0000 
48439.8867,39084.4844 
48425.1641,40669.5547 
48416.0156,42253.8203 
48404.8906,43822.9922 
48395.6875,45383.6250 
48383.7070,46961.2695 
48374.5586,48539.3008 
99993.5234,50131.4102 
99992.2812,51692.3633 
99999.8516,53270.8750 
5.34943819,54837.3750 
4.47181463,56349.6445 
7.89207029,57858.9844 
7.00871325,59399.8477 
17.1477623,60951.5391 
25.9713192,62464.3203 
31.7754021,64013.8711 
45.3370590,65599.8281 
52.6661415,67154.3203 
47.4535751,68701.1172 
39.0055351,70254.2969 
44.7099953,71814.8984 
48.5814857,73391.8203 
50.4008446,74954.0078 
41.7720757,76482.2500 
33.0529900,78013.5703 
36.5045776,79572.6250 
21.7677612,81135.5234 
4.78130579,82713.0391 
  0.226411387,84289.1797 
99994.7266,85863.8359 
99998.0078,87424.1875 
11.2634220,89006.1562 
14.1315060,90592.0469 
15.6842165,92141.8047 
32.3237152,93666.3203 
41.1196518,95226.4609 
9.46728706,96804.9453 
99974.8359,98415.8594 
1575.74792,50133.0977 
1586.82849,51704.6562 
1605.10669,53281.8438 
1592.29517,54821.9609 
1571.09229,56346.0859 
1573.99817,57869.2266 
1587.13904,59405.6758 
1590.09265,60955.6758 
1597.36084,62472.4297 
1614.74658,64028.6562 
1618.32971,65604.7344 
1618.47412,67155.0234 
1626.65344,68696.2109 
1628.23425,70253.7422 
1630.91907,71821.0547 
1632.96375,73392.5078 
1625.52454,74948.9531 
1613.20569,76470.9062 
1612.23987,78016.6641 
1608.30383,79565.5156 
1592.91333,81115.0391 
1577.70935,82702.8203 
1562.54285,84283.1484 
1553.55615,85858.9297 
1552.63904,87430.5156 
1556.27625,89009.8359 
1551.18225,90578.9844 
1531.06018,92136.5938 
1525.67017,93689.5391 
1537.28345,95230.4766 
1539.17188,96778.4062 
1531.40405,98389.8828 
3161.51660,50136.8203 
3168.13672,51720.3359 
3162.14185,53277.1211 
3148.54639,54802.5820 
3144.64478,56336.6523 
3144.10010,57875.6602 
3148.01855,59412.2969 
3149.07080,60960.4414 
3164.57812,62493.7031 
3180.06860,64035.5547 
3179.33203,65600.4531 
3190.65283,67172.4922 
3214.98706,68713.0156 
3227.42773,70254.7422 
3222.69092,71818.7500 
3208.06201,73382.5938 
3186.36377,74930.8984 
3178.15039,76468.3047 
3183.11255,78015.7266 
3173.27368,79553.2891 
3175.43945,81111.9375 
3177.06201,82685.6797 
3156.02271,84261.9375 
3137.37134,85850.4141 
3122.32593,87425.6250 
3107.57812,89008.9375 
3099.66772,90570.5625 
3083.86548,92112.0938 
3052.87646,93672.1406 
3026.84717,95227.1484 
3033.61865,96795.5391 
3054.97656,98388.8438 
4731.22363,50142.2969 
4727.55664,51712.8047 
4710.52686,53258.7188 
4701.45166,54801.1289 
4708.99902,56345.1641 
4729.32373,57886.8906 
4740.06201,59410.0312 
4729.21729,60956.4219 
4722.07129,62506.5195 
4733.19873,64049.4102 
4760.17822,65612.4844 
4766.07959,67180.3203 
4761.59619,68726.3906 
4772.27832,70261.0625 
4769.57520,71804.3203 
4746.63330,73357.7500 
4724.53369,74914.5391 
4729.33984,76481.3594 
4752.08887,78021.2656 
4759.25000,79549.3359 
4759.16895,81121.5234 
4756.50928,82681.0156 
4753.72217,84247.8203 
4739.98682,85830.1172 
4711.87354,87399.2031 
4677.74219,88982.0000 
4641.26318,90549.4375 
4612.45215,92089.1562 
4596.14502,93648.9844 
4590.74316,95216.6719 
4585.22266,96804.1094 
4580.63867,98394.6875 
6268.29590,50145.6953 
6270.56055,51706.4297 
6273.89648,53251.6445 
6271.87793,54797.2031 
6270.96924,56356.6719 
6280.46777,57906.8398 
6290.77637,59413.9922 
6300.19141,60947.7617 
6287.72266,62493.7461 
6274.32324,64067.0469 
6290.58252,65635.7188 
6303.16553,67175.9766 
6315.33252,68733.7344 
6324.08545,70267.3594 
6318.46973,71791.1719 
6308.53516,73336.8359 
6301.53955,74906.9766 
6308.78613,76501.3281 
6324.05859,78042.5625 
6335.90527,79552.8438 
6329.48584,81107.5312 
6308.47900,82669.6172 
6297.36133,84243.1406 
6284.45947,85808.4609 
6259.32812,87369.9922 
6230.15723,88948.9531 
6203.29443,90516.3750 
6174.75195,92061.8438 
6150.24561,93640.3438 
6147.65283,95219.0469 
6150.50879,96795.0547 
6151.31250,98401.5703 
7808.01953,50145.6953 
7808.30566,51713.2031 
7816.47559,53257.8711 
7822.56689,54797.2344 
7826.70215,56358.2109 
7813.63330,57900.8828 
7804.49170,59426.2852 
7824.80518,60960.9453 
7830.75537,62473.5820 
7817.46484,64057.8359 
7806.79688,65643.1562 
7811.94043,67194.2109 
7830.48438,68750.7422 
7834.43408,70264.7266 
7843.31787,71794.8047 
7867.01660,73344.5703 
7891.45947,74917.8203 
7898.24365,76501.6328 
7875.15332,78037.4219 
7866.86279,79558.7656 
7874.91357,81100.8203 
7872.82080,82655.7109 
7862.26416,84232.2109 
7846.13623,85789.3594 
7820.50537,87338.2578 
7783.85352,88916.7812 
7751.58057,90493.9219 
7735.74072,92039.2344 
7726.62158,93624.4062 
7721.29102,95223.3281 
7727.62158,96800.0078 
7728.02393,98408.1016 
9366.59863,50129.6094 
9345.88965,51710.5234 
9344.46582,53265.7031 
9350.08691,54803.2852 
9344.91602,56350.6875 
9325.18262,57876.6758 
9312.82227,59429.5430 
9323.44531,60983.3555 
9353.89453,62488.0703 
9379.17285,64054.8203 
9375.16895,65630.8750 
9364.94434,67196.8359 
9362.50879,68756.7891 
9372.78320,70274.8906 
9396.57812,71822.3438 
9422.44727,73372.9375 
9440.01367,74936.7422 
9435.82520,76484.9531 
9417.22656,78015.2344 
9414.89258,79563.9922 
9415.58301,81104.6562 
9415.69727,82652.8516 
9407.82324,84215.6016 
9381.48438,85766.2812 
9365.95117,87317.1250 
9357.13770,88883.5156 
9325.02637,90463.1562 
9310.55762,92041.7812 
9323.41602,93626.5547 
9319.46484,95219.9922 
9317.92969,96803.0000 
9313.74316,98395.5156 
10927.2842,50107.7109 
10908.4326,51691.9375 
10886.9375,53261.8555 
10871.8574,54796.8633 
10862.4883,56339.3672 
10868.5430,57870.4453 
10874.3984,59427.2383 
10867.6436,60995.3320 
10881.3936,62524.2383 
10906.7549,64071.2617 
10922.4932,65631.9844 
10937.9092,67197.6406 
10948.7734,68763.8281 
10959.6553,70289.6875 
10962.8682,71837.8906 
10974.5176,73389.1250 
10978.7715,74934.2734 
10963.3018,76470.0469 
10959.1846,78013.4062 
10958.9463,79561.8359 
10949.4199,81098.9453 
10949.2920,82655.7109 
10946.3555,84199.0781 
10935.5449,85746.1094 
10938.3008,87324.1328 
10955.3916,88882.6172 
10957.0215,90438.0156 
10939.9912,92037.2969 
10916.3076,93618.6328 
10895.2939,95210.3516 
10903.0645,96814.8438 
10917.9531,98388.7109 
12473.7646,50104.7734 
12459.7344,51665.5742 
12428.7080,53235.3555 
12413.0088,54785.4375 
12419.9551,56349.5586 
12442.5908,57891.9102 
12457.9541,59426.2461 
12452.5664,60984.3086 
12447.7051,62537.2227 
12461.2549,64090.3203 
12484.3193,65655.2031 
12504.1514,67214.2734 
12512.6113,68774.5078 
12514.1592,70288.8203 
12506.6865,71837.5938 
12514.3115,73406.5156 
12521.1592,74926.0703 
12507.4531,76455.2109 
12497.7402,78013.3672 
12497.6533,79557.8438 
12503.3232,81097.3750 
12503.6084,82653.1172 
12500.5039,84198.4062 
12522.8184,85758.5469 
12540.2314,87332.8750 
12540.0840,88895.9531 
12550.7139,90440.0078 
12542.7979,92009.7969 
12511.0820,93585.6406 
12498.0488,95205.9844 
12501.6748,96830.1484 
12506.6064,98394.8984 
14008.2637,50101.2031 
13992.9971,51640.0430 
13980.5947,53220.8438 
13980.8848,54787.9180 
13982.2129,56359.8477 
13980.3887,57904.4727 
13992.6885,59440.7500 
14018.2471,60989.0039 
14033.1738,62545.2031 
14050.8838,64111.8906 
14070.4189,65674.2266 
14074.5947,67216.7031 
14060.8135,68769.2500 
14050.5986,70285.1641 
14050.5137,71833.1641 
14040.8408,73407.1250 
14031.5361,74922.0391 
14032.0342,76445.1641 
14025.5859,78006.7188 
14024.0508,79566.3516 
14041.4141,81113.1172 
14065.0352,82657.8047 
14086.1699,84214.1562 
14112.6621,85790.8281 
14132.0645,87335.1562 
14124.0439,88888.5938 
14112.0508,90442.4375 
14110.4189,91996.2656 
14111.3809,93574.6875 
14113.2881,95205.7891 
14100.6016,96820.5625 
14088.3574,98396.6562 
15563.1670,50103.1523 
15575.3037,51633.8242 
15567.8047,53210.5781 
15541.4287,54776.5508 
15520.6475,56349.5898 
15512.3496,57902.6289 
15526.0137,59468.0820 
15560.1904,61018.6641 
15586.7578,62561.6406 
15602.6562,64129.5586 
15608.4170,65682.6172 
15606.9834,67210.4844 
15598.1953,68749.6172 
15584.5889,70282.0391 
15591.2178,71837.0078 
15591.8574,73390.8750 
15581.4814,74920.3281 
15587.5098,76451.3125 
15589.6211,77999.3672 
15585.6797,79569.3750 
15593.0312,81135.0000 
15618.8906,82690.5625 
15646.4531,84236.3750 
15654.5127,85807.2734 
15661.2695,87343.0859 
15659.1504,88874.2188 
15654.9395,90439.5000 
15673.2959,92008.3594 
15689.8750,93581.0078 
15690.0254,95199.7734 
15683.3594,96805.3750 
15679.4141,98393.6719 
17086.0391,50121.8672 
17099.7188,51643.8477 
17096.8535,53187.9609 
17077.4980,54749.6406 
17069.7734,56340.5156 
17075.3750,57908.1016 
17089.0469,59491.8789 
17111.1914,61051.2969 
17140.4102,62585.8281 
17158.9043,64137.1562 
17152.4688,65672.3281 
17137.8145,67207.6328 
17138.1719,68744.7188 
17137.1309,70278.2031 
17145.5000,71852.1250 
17161.4180,73391.5703 
17164.7832,74917.5156 
17165.2109,76455.4609 
17165.9824,77997.9531 
17166.7246,79571.0625 
17171.1289,81144.6406 
17175.1055,82708.4062 
17177.8027,84244.7734 
17176.9453,85805.8594 
17172.3477,87342.3125 
17171.2285,88872.6250 
17191.4727,90461.1172 
17223.1211,92036.9062 
17247.4258,93593.3516 
17260.9551,95201.2500 
17269.1406,96809.5078 
17275.1719,98390.8672 
18615.2324,50122.7500 
18615.5977,51650.5547 
18621.9648,53184.3984 
18632.6504,54751.9180 
18649.6895,56350.2031 
18663.5508,57920.1953 
18667.4062,59497.5625 
18660.2344,61064.8867 
18667.7715,62608.1914 
18681.3633,64148.5820 
18696.4883,65666.4219 
18697.8594,67196.8359 
18684.3926,68741.1797 
18683.3223,70283.4141 
18696.4922,71867.2891 
18700.8223,73399.4766 
18706.2246,74923.8281 
18722.1406,76463.6406 
18733.6094,77998.9922 
18732.0254,79570.2578 
18730.5684,81146.7031 
18724.8066,82704.0078 
18717.9062,84244.2109 
18720.0586,85805.7031 
18722.5000,87341.4297 
18738.1348,88889.8906 
18763.7793,90488.1719 
18778.6055,92059.0938 
18805.6133,93621.2500 
18830.1406,95211.2969 
18830.6445,96814.2656 
18824.7480,98384.7188 
20182.2148,50123.4453 
20202.6875,51665.3008 
20222.2012,53195.4961 
20240.3887,54770.2773 
20247.8086,56359.3320 
20245.5879,57926.8789 
20241.9355,59487.2266 
20233.4629,61058.3984 
20232.2168,62610.7500 
20224.2383,64156.4453 
20236.8828,65690.6250 
20257.7773,67197.3672 
20258.2852,68730.8047 
20259.2676,70291.5469 
20256.0508,71867.9844 
20245.2461,73394.8906 
20251.1270,74936.3047 
20260.5000,76479.2188 
20268.4219,78007.1094 
20280.6055,79573.1016 
20288.8477,81144.2734 
20278.3398,82690.5859 
20273.0664,84245.0625 
20279.0391,85808.4297 
20280.9746,87349.3359 
20295.8496,88914.9609 
20315.3164,90504.6875 
20332.4961,92076.0312 
20355.6328,93652.4766 
20366.5859,95216.8281 
20360.1484,96806.4531 
20349.5938,98371.3359 
21800.1094,50136.0391 
21812.1113,51687.8945 
21828.8984,53215.8672 
21842.1699,54781.8359 
21834.5566,56347.6250 
21819.2422,57920.4883 
21816.7324,59485.3867 
21826.0879,61064.6953 
21830.1133,62604.4375 
21816.5723,64145.1523 
21807.1230,65700.5391 
21802.0117,67203.9688 
21806.8750,68737.0625 
21810.1953,70287.3984 
21789.7734,71848.1562 
21779.7773,73397.5312 
21789.5957,74945.6406 
21785.8652,76475.5078 
21783.1758,78014.6172 
21793.5762,79591.2969 
21807.0254,81148.9375 
21810.8535,82683.8906 
21822.9414,84257.0156 
21837.1270,85812.4219 
21843.2812,87354.6016 
21853.4590,88929.4453 
21866.6660,90524.0938 
21891.0215,92099.1797 
21901.2734,93659.1406 
21890.9805,95208.7578 
21881.8164,96798.8984 
21879.8574,98368.7812 
23444.9609,50140.9727 
23444.6660,51692.6992 
23442.4492,53221.2422 
23433.4629,54778.6719 
23429.3750,56336.7227 
23425.8418,57912.0117 
23420.5137,59487.4336 
23415.2676,61068.0312 
23400.6543,62593.1758 
23383.8398,64131.1953 
23365.2754,65686.1641 
23351.5020,67195.8438 
23347.1777,68741.0234 
23345.6348,70280.8281 
23345.4043,71833.3281 
23340.4766,73396.5312 
23328.0879,74941.7812 
23321.8125,76473.5625 
23326.7246,78016.8750 
23314.4082,79588.8672 
23300.1914,81152.9922 
23308.8594,82696.6328 
23328.5859,84277.1328 
23348.0918,85827.4688 
23376.9375,87374.7500 
23403.7676,88941.5312 
23410.8867,90535.7188 
23414.2461,92115.3125 
23420.8867,93659.5938 
23433.7188,95207.8047 
23440.0898,96791.7188 
23429.2246,98371.5078 
25016.7227,50140.5547 
25015.9492,51694.0117 
25010.2266,53210.8594 
24999.6973,54772.0859 
25004.6621,56343.4844 
25014.2031,57911.0703 
25013.6855,59479.6289 
24996.2012,61047.3477 
24969.3320,62571.3672 
24947.1250,64108.1172 
24922.3730,65667.1172 
24919.3809,67196.1875 
24921.5664,68737.2969 
24924.9297,70288.5391 
24939.4844,71841.0469 
24936.6641,73384.9297 
24919.7969,74923.9141 
24902.4707,76470.2422 
24892.9883,78011.6719 
24879.1934,79564.4453 
24863.5996,81146.2188 
24871.2598,82714.0781 
24884.5137,84291.2734 
24893.1758,85849.4531 
24918.3203,87411.3906 
24949.8945,88963.7500 
24961.3887,90532.4141 
24946.8945,92107.8125 
24941.8438,93671.5703 
24965.2715,95234.1797 
24988.1270,96792.0938 
24980.0352,98355.7109 
26598.4414,50133.5742 
26583.6055,51683.5820 
26566.0078,53198.6992 
26560.2988,54767.8359 
26559.2402,56351.7500 
26565.7363,57919.8438 
26571.2637,59478.0898 
26567.0801,61026.1250 
26552.0664,62552.3477 
26543.5605,64092.2695 
26536.6406,65655.1875 
26527.9180,67196.6719 
26517.7578,68733.7266 
26514.0586,70296.4375 
26504.8184,71837.0859 
26485.0449,73369.5469 
26469.6309,74906.6875 
26454.2031,76453.2031 
26450.2188,78008.3438 
26460.7051,79560.2500 
26466.5020,81145.8594 
26473.2461,82727.9766 
26477.9453,84293.1406 
26473.2598,85853.4219 
26477.0488,87431.8750 
26490.7754,88984.9062 
26497.3730,90529.2500 
26487.9883,92092.3359 
26485.5996,93679.3438 
26496.4766,95257.2812 
26507.9570,96804.6719 
26517.3320,98346.9688 
28156.0957,50129.0000 
28141.6836,51661.0000 
28139.0410,53199.0625 
28152.5195,54769.3008 
28153.0684,56351.1641 
28146.5215,57917.5312 
28132.9883,59475.7188 
28132.5957,61024.5078 
28136.4570,62545.3477 
28129.6230,64086.0273 
28109.7090,65640.9531 
28086.5957,67179.0234 
28069.3691,68719.2500 
28045.2109,70279.5625 
28018.2031,71815.6719 
28005.8203,73354.7422 
27995.0391,74894.1250 
27994.4082,76452.6484 
28013.7754,78025.4766 
28041.5859,79579.8047 
28059.8262,81150.8438 
28055.4141,82727.3359 
28046.0312,84289.8281 
28047.0273,85854.3906 
28056.7266,87441.9141 
28067.3555,88994.2031 
28072.0215,90526.7734 
28071.1211,92086.5156 
28065.5703,93680.7656 
28052.8398,95254.4766 
28033.1719,96803.5312 
28032.7266,98359.0781 
29709.2031,50125.3906 
29708.3652,51653.9492 
29716.7793,53215.1914 
29725.6777,54775.5430 
29720.2441,56345.5312 
29709.6250,57904.4414 
29701.8691,59465.3281 
29699.0352,61029.5312 
29700.9551,62546.8086 
29688.0039,64063.0781 
29652.3789,65609.1406 
29634.4414,67167.0859 
29630.0684,68703.9922 
29607.2500,70247.2734 
29582.8906,71799.5312 
29575.8730,73349.5781 
29574.4727,74888.8281 
29584.0781,76467.8281 
29604.3848,78051.8672 
29629.0039,79608.3516 
29646.5684,81158.0625 
29643.2207,82712.7266 
29632.9805,84283.0469 
29630.9727,85859.7344 
29629.5527,87448.8594 
29629.5547,89002.0547 
29637.2930,90534.8984 
29644.8613,92085.2031 
29631.6230,93661.6797 
29605.5938,95229.5000 
29586.1973,96783.9688 
29576.2402,98364.4531 
31287.3477,50130.4883 
31295.8242,51660.2812 
31300.5215,53221.0391 
31298.8945,54772.8789 
31286.3867,56329.5781 
31270.2773,57898.0938 
31276.0918,59468.6641 
31274.7715,61023.3086 
31263.9082,62541.1094 
31251.0586,64037.2266 
31228.4238,65583.2969 
31216.4551,67163.3125 
31206.6055,68692.0391 
31190.0723,70223.2500 
31168.8926,71782.0703 
31158.6270,73349.6953 
31174.3477,74902.0234 
31189.2832,76480.4453 
31188.7227,78063.6484 
31189.8203,79621.3828 
31196.3770,81166.7734 
31217.7285,82719.1328 
31237.6992,84283.9453 
31235.6445,85852.3594 
31217.1758,87435.9453 
31201.9648,88997.2266 
31189.7324,90534.0781 
31174.3027,92080.2266 
31164.0332,93644.0156 
31157.4707,95217.3438 
31159.6895,96780.6172 
31161.4453,98358.2812 
32870.3477,50134.3945 
32873.2266,51667.2344 
32872.2188,53217.5938 
32857.1016,54763.5508 
32840.1484,56311.1680 
32830.2109,57893.5312 
32829.8867,59473.2109 
32822.5000,61012.8711 
32822.0430,62539.2695 
32829.0430,64026.7109 
32818.1016,65564.0703 
32794.3477,67147.8828 
32776.2070,68679.1406 
32768.8320,70209.0391 
32759.3750,71763.4297 
32749.7539,73351.8750 
32755.7598,74920.5078 
32755.2207,76474.0156 
32734.6133,78051.7422 
32729.5059,79624.2812 
32742.2090,81185.5391 
32769.9297,82754.1094 
32798.1953,84299.9297 
32804.5273,85840.6406 
32789.5000,87415.7500 
32775.3867,88987.8516 
32765.8379,90514.5312 
32748.4238,92062.9219 
32742.0117,93640.4141 
32737.0000,95212.7500 
32726.2148,96780.8984 
32725.2832,98360.2344 
34439.7734,50136.2031 
34445.3555,51670.8242 
34436.9219,53201.2695 
34410.2656,54737.9375 
34389.7188,56297.4570 
34380.2305,57889.7227 
34370.4844,59465.4531 
34361.1133,61006.3203 
34360.7227,62549.8828 
34371.4961,64035.4531 
34379.0938,65549.2422 
34360.9961,67119.4453 
34334.1797,68664.9844 
34328.5898,70212.2422 
34344.5586,71765.1484 
34348.4375,73344.9062 
34340.1172,74922.1172 
34337.6445,76462.3984 
34329.7266,78038.4297 
34329.3086,79630.2891 
34328.8086,81193.9375 
34326.1133,82771.0078 
34332.9766,84316.7031 
34349.1797,85845.9688 
34353.4805,87398.7266 
34328.7227,88971.6328 
34316.0469,90510.7656 
34328.9414,92063.0000 
34334.1016,93638.0547 
34326.6914,95201.5312 
34320.4844,96771.3047 
34310.5781,98358.3516 
36002.8711,50142.9102 
36008.5273,51671.6016 
36000.2227,53183.4922 
35994.2617,54722.8984 
35991.3750,56285.3203 
35973.2578,57873.1992 
35951.4922,59451.5156 
35934.5391,60996.0078 
35916.0039,62542.6211 
35909.1133,64046.3086 
35921.5547,65556.8984 
35925.7109,67101.6562 
35915.5312,68645.0547 
35903.5547,70215.2344 
35909.2539,71783.8906 
35919.2891,73340.9141 
35906.9844,74911.7266 
35893.9453,76459.1328 
35894.2188,78037.7891 
35894.1602,79629.4141 
35889.2070,81186.6484 
35885.1328,82767.7266 
35882.1055,84322.4141 
35892.5430,85866.2500 
35911.6953,87396.5625 
35906.5977,88944.8594 
35898.1641,90515.7344 
35908.6641,92078.0703 
35906.4414,93631.0391 
35900.8438,95200.2031 
35901.6484,96766.6094 
35886.0742,98340.3906 
37539.9922,50144.5508 
37546.2148,51675.4258 
37557.0977,53184.0156 
37574.7969,54732.5273 
37577.2148,56275.9570 
37559.4688,57849.4102 
37533.3789,59426.2656 
37504.2305,60972.6602 
37487.7930,62528.2500 
37484.5078,64047.9336 
37481.7656,65561.2656 
37479.6914,67103.4062 
37484.7344,68642.1406 
37479.3828,70204.1406 
37469.7266,71789.2422 
37472.0938,73340.5469 
37461.6172,74890.8516 
37452.8477,76455.0703 
37458.6914,78039.9844 
37453.6250,79624.3672 
37452.9844,81185.5000 
37447.0938,82761.2031 
37443.4297,84325.7266 
37458.0938,85883.8281 
37470.0703,87411.7500 
37486.1992,88948.6953 
37493.8750,90517.2500 
37484.4961,92074.6172 
37475.1445,93621.8125 
37471.0000,95198.3906 
37465.0820,96757.9922 
37467.9141,98335.3594 
39069.7070,50139.1484 
39067.3203,51685.7695 
39086.1875,53208.5742 
39105.3945,54745.3047 
39104.6953,56265.9961 
39096.5078,57830.7461 
39078.1328,59400.0039 
39064.2656,60955.7031 
39055.4453,62520.4922 
39037.9688,64041.2461 
39033.2734,65559.5078 
39039.8359,67103.9844 
39035.4766,68640.0938 
39029.5938,70194.8672 
39025.5703,71785.4531 
39022.1562,73339.3750 
39022.1992,74885.4141 
39034.4062,76468.3438 
39048.2852,78042.0234 
39047.0078,79621.4844 
39056.1914,81190.8281 
39055.9609,82748.1484 
39048.3281,84333.1719 
39047.2344,85889.9609 
39038.0742,87413.4922 
39037.6406,88958.9141 
39030.1523,90507.7891 
39019.4180,92065.1953 
39022.6406,93622.1875 
39026.7148,95198.0391 
39045.9219,96770.1719 
39080.1836,98360.4453 
40642.7578,50127.4922 
40629.1172,51685.9141 
40630.3477,53223.0664 
40627.5586,54745.6797 
40630.7773,56271.0977 
40643.5156,57826.4258 
40636.6875,59384.9492 
40625.6523,60949.7891 
40608.7656,62497.7500 
40580.8242,64018.0820 
40571.8203,65568.2109 
40582.0938,67110.6875 
40586.0391,68635.9453 
40593.6641,70198.5859 
40599.3008,71782.5078 
40600.5938,73340.1016 
40611.1133,74892.9062 
40617.8359,76481.4766 
40627.0781,78049.0703 
40630.4141,79622.2891 
40626.0859,81199.5703 
40627.4531,82743.0859 
40608.4922,84314.6016 
40573.2305,85871.1016 
40565.0117,87411.9531 
40571.1289,88957.1250 
40567.6211,90496.6172 
40567.5391,92067.3594 
40570.0664,93625.8672 
40577.5859,95212.3828 
40612.8945,96813.3203 
40645.8633,98380.7344 
42184.2578,50105.7227 
42162.2305,51675.4961 
42156.8867,53223.5938 
42158.0898,54741.8359 
42160.6523,56282.9883 
42171.3203,57835.1133 
42175.4062,59373.3477 
42154.3008,60929.2695 
42133.0039,62481.6289 
42140.5156,64011.8750 
42148.6992,65568.9688 
42146.7656,67114.4922 
42148.9805,68642.2422 
42157.5195,70210.0938 
42166.1211,71786.1797 
42173.1523,73351.6875 
42185.0703,74904.9062 
42193.0781,76486.2344 
42201.6836,78059.5859 
42203.7500,79613.2578 
42187.0312,81186.8125 
42167.7383,82731.7578 
42139.1953,84277.7109 
42117.8516,85851.6484 
42116.8359,87417.5469 
42112.8750,88959.4375 
42119.6133,90501.1250 
42124.3359,92067.7812 
42130.0039,93632.3516 
42153.6172,95234.1406 
42169.5234,96842.9375 
42176.9531,98391.3750 
43716.2969,50088.1406 
43710.1523,51660.8516 
43694.3867,53218.5508 
43686.6875,54743.4453 
43688.6602,56287.2930 
43701.8750,57851.3125 
43720.7227,59373.8906 
43713.0156,60900.4453 
43693.7148,62476.0312 
43701.1641,64033.5664 
43715.4180,65574.1172 
43715.7383,67112.5078 
43717.8125,68646.9297 
43727.6562,70220.3516 
43735.2188,71790.2812 
43723.4844,73346.5625 
43706.2227,74907.1562 
43709.8516,76495.7500 
43721.3477,78068.5781 
43731.0391,79612.9609 
43729.5312,81170.0234 
43704.4414,82703.3750 
43686.5117,84260.6875 
43697.7812,85857.8047 
43697.3594,87405.8125 
43675.5664,88949.9688 
43673.7461,90510.9844 
43679.7891,92070.5547 
43697.9180,93659.7344 
43726.1523,95255.5469 
43720.0273,96833.9297 
43708.6328,98394.8125 
45260.8125,50094.5859 
45266.1172,51654.8984 
45257.1914,53200.1758 
45247.7070,54739.0898 
45249.9102,56294.8047 
45259.7227,57870.9570 
45276.6992,59388.8086 
45292.6562,60895.2422 
45297.1016,62468.7227 
45289.2617,64036.5078 
45278.8008,65572.3750 
45271.3086,67110.2812 
45275.8711,68656.7031 
45284.5547,70229.6641 
45280.2656,71784.3906 
45269.0898,73325.8359 
45260.3047,74897.3203 
45259.0508,76504.6250 
45266.9531,78081.4688 
45278.7656,79621.3828 
45270.0352,81152.0469 
45251.8672,82684.2031 
45259.8164,84269.8594 
45263.2695,85863.9297 
45248.9336,87389.5625 
45243.0977,88940.1797 
45248.2734,90516.7031 
45258.2891,92079.7500 
45264.0234,93676.5703 
45256.2031,95255.7891 
45246.9688,96821.5312 
45262.4375,98409.9922 
46818.4297,50099.4961 
46824.6406,51655.1641 
46823.5156,53197.0977 
46830.8789,54743.7500 
46836.2656,56295.9805 
46834.1055,57877.1016 
46843.6914,59407.2539 
46863.6914,60914.6367 
46877.7695,62469.9297 
46869.4531,64021.3242 
46855.8281,65561.6250 
46853.1836,67109.5000 
46856.2383,68663.1719 
46855.1016,70225.7812 
46846.5703,71775.5234 
46849.1172,73329.1016 
46861.5117,74900.0938 
46858.8633,76498.7891 
46843.3008,78083.1406 
46837.9414,79623.1719 
46834.3203,81136.0625 
46835.1133,82688.1875 
46842.3008,84277.1562 
46824.5938,85841.1797 
46806.1719,87380.7500 
46816.2656,88953.0781 
46838.0391,90532.4453 
46854.6836,92088.9062 
46850.6719,93665.3281 
46837.5469,95242.8828 
46843.8672,96831.7422 
46857.9102,98435.8984 
48399.2969,50125.0977 
48419.7578,51656.1641 
48405.7031,53188.2852 
48395.6367,54751.3242 
48405.0195,56300.4297 
48414.0703,57880.8008 
48416.5742,59417.1875 
48422.4883,60930.8164 
48436.0781,62475.6992 
48437.8945,64010.1445 
48433.4570,65555.8828 
48429.6602,67109.9766 
48434.8672,68668.8359 
48443.6289,70224.1250 
48440.5820,71770.4531 
48435.7734,73333.9922 
48436.0430,74906.2422 
48433.8555,76485.5547 
48414.4062,78061.6719 
48397.4961,79619.7812 
48405.1719,81143.4609 
48417.7305,82694.0000 
48407.5078,84265.3672 
48396.1523,85826.4141 
48401.1875,87381.9141 
48400.6016,88964.3281 
48405.7852,90552.3125 
48423.1875,92099.8906 
48435.3828,93660.7422 
48445.2734,95248.0312 
48453.7148,96840.4766 
48436.1445,98422.1719 
49998.8320,99982.4297 
49994.4336,1551.20142 
49995.0039,3094.64844 
50001.2695,4629.62500 
50007.7969,6207.60107 
50004.5352,7793.48340 
49995.4102,9336.16895 
50003.4336,10885.2529 
50016.0898,12463.2793 
50015.8516,14086.0176 
50016.8242,15666.3154 
50025.7109,17235.0371 
50040.8672,18856.4805 
50041.7500,20454.6270 
50037.0586,22022.2305 
50030.4922,23551.8633 
50020.6758,25096.7773 
50018.4648,26678.4570 
50006.7148,28233.7637 
50003.4766,29791.8047 
50008.7305,31340.2539 
49999.3438,32862.3164 
49993.3711,34389.7773 
49985.5352,35965.2461 
49976.7930,37538.6211 
49979.1602,39081.4961 
49979.7266,40660.2617 
49979.2930,42247.5391 
49975.1367,43814.3164 
49975.6914,45386.2969 
49985.2422,46957.6328 
49991.8672,48542.5703 
51580.4414,99963.9922 
51556.2617,1538.14172 
51544.9336,3092.61279 
51547.2539,4642.20166 
51561.7734,6218.09033 
51564.7812,7781.14697 
51548.1953,9330.40430 
51552.8320,10906.4629 
51575.3242,12474.5645 
51585.6836,14082.4834 
51584.6523,15664.8535 
51594.8047,17254.2930 
51610.3359,18866.2891 
51598.8203,20442.0508 
51585.3828,22017.8281 
51581.8711,23544.2168 
51582.6055,25096.6133 
51581.5977,26670.1895 
51564.2109,28215.0977 
51548.2969,29791.0059 
51532.9531,31331.7363 
51519.2617,32854.9531 
51530.6133,34397.3359 
51544.4297,35956.9844 
51539.8203,37531.8086 
51544.0312,39090.2852 
51555.8320,40667.0117 
51560.5898,42250.3281 
51565.2266,43812.2539 
51557.1562,45382.4570 
51551.2578,46971.4414 
51571.5430,48550.1406 
53143.3047,99936.4375 
53119.6641,1518.40417 
53101.7227,3084.27881 
53090.7539,4642.47217 
53089.9805,6228.19629 
53093.9375,7776.61816 
53096.7617,9321.05566 
53103.2539,10922.1797 
53123.1328,12498.5732 
53143.9531,14093.9785 
53154.5664,15669.2627 
53151.0781,17259.8750 
53135.6016,18858.7031 
53126.6484,20427.3379 
53122.3320,22010.3184 
53114.0898,23541.8438 
53111.2852,25099.0371 
53105.9102,26662.0137 
53101.2969,28202.5996 
53091.5781,29772.3320 
53070.2852,31309.4375 
53060.1211,32853.5820 
53065.6680,34418.7617 
53088.9141,35974.8516 
53115.9922,37539.9180 
53129.6523,39100.0312 
53128.9062,40667.0312 
53122.8750,42252.1445 
53128.9805,43818.8828 
53132.7734,45369.0117 
53126.6484,46974.6562 
53138.9141,48570.7695 
54691.4336,99925.0625 
54683.1094,1497.75818 
54662.3633,3064.33691 
54651.9844,4639.37402 
54649.7773,6224.40771 
54643.2188,7784.48584 
54667.0195,9340.48633 
54684.2461,10931.2920 
54685.5312,12512.1758 
54692.0352,14106.5947 
54701.3242,15673.7266 
54701.6094,17243.4746 
54689.6211,18845.4121 
54687.4531,20431.0410 
54685.7109,22004.2031 
54679.4883,23533.9082 
54671.3984,25089.9766 
54657.1328,26653.6230 
54655.4688,28204.1719 
54652.2656,29758.6797 
54642.6680,31300.0254 
54643.5039,32851.7500 
54641.9062,34423.4023 
54656.5430,36004.8828 
54684.3203,37565.0195 
54696.2148,39104.4609 
54696.2695,40661.5938 
54693.8984,42249.1016 
54689.7344,43823.7695 
54694.5391,45374.8672 
54710.1562,46981.2930 
54720.4883,48585.4102 
56267.2383,99919.1562 
56258.6133,1491.24854 
56254.4258,3047.54126 
56238.6172,4634.76562 
56228.5430,6212.46045 
56221.4453,7787.58643 
56234.7812,9366.67773 
56250.6719,10935.9443 
56261.7109,12515.4824 
56262.0820,14109.1650 
56259.8320,15684.5029 
56273.6602,17250.2227 
56283.5156,18841.6133 
56275.9492,20421.6914 
56261.6328,21996.5098 
56258.9961,23534.1621 
56257.6484,25079.7031 
56247.8672,26643.2422 
56242.7539,28205.1777 
56240.3438,29749.8066 
56235.4453,31296.3555 
56236.5938,32855.3203 
56247.2070,34433.0977 
56264.8633,36026.4258 
56271.8828,37576.1523 
56275.0273,39108.7812 
56286.2852,40666.1367 
56295.5078,42248.8711 
56293.6680,43817.8984 
56291.8633,45386.8477 
56305.8086,46996.0586 
56300.6914,48581.0586 
57850.6055,99895.7969 
57830.6992,1486.94788 
57823.0117,3035.99927 
57806.6602,4617.52979 
57804.2578,6212.53418 
57818.4570,7794.41699 
57824.3789,9379.37598 
57838.3633,10957.9746 
57863.0820,12529.3311 
57862.1758,14094.9375 
57848.5508,15680.4180 
57843.4492,17258.3770 
57845.2266,18847.3008 
57856.5039,20418.0176 
57855.7383,21985.5957 
57839.7734,23527.0820 
57827.8047,25073.1230 
57819.1875,26634.1387 
57807.8242,28199.6465 
57801.7461,29749.4473 
57805.5469,31298.5996 
57810.8711,32859.8594 
57813.0508,34443.3945 
57810.4570,36031.0664 
57808.7812,37576.7422 
57827.9258,39127.1602 
57857.6367,40686.4336 
57871.4180,42254.9531 
57865.3828,43808.8242 
57856.0859,45388.9688 
57858.6523,47000.8125 
57847.6719,48557.8750 
59422.5820,99880.4766 
59409.4062,1470.43921 
59390.4453,3024.25293 
59383.5430,4609.49121 
59386.3047,6225.60547 
59395.9375,7803.21924 
59390.5977,9374.49902 
59380.4023,10968.1738 
59380.7734,12542.3291 
59400.5859,14100.0342 
59421.9102,15681.7236 
59424.6523,17252.5723 
59422.8555,18853.0781 
59429.9766,20429.5078 
59429.3320,21975.7207 
59421.5508,23513.6250 
59414.4336,25062.3750 
59398.3672,26620.1152 
59384.0820,28186.1328 
59370.3320,29740.6895 
59356.5039,31298.6699 
59352.3281,32863.0352 
59353.2969,34439.3828 
59348.0039,36024.3867 
59359.6211,37595.2695 
59394.0625,39160.7266 
59411.3789,40701.7344 
59405.6484,42249.7695 
59397.2500,43799.3047 
59402.6367,45390.9570 
59405.0859,46998.3672 
59400.9531,48551.4688 
60976.0195,99877.8594 
60961.6484,1447.67236 
60945.9141,3012.98267 
60942.6875,4606.45947 
60940.5039,6228.92334 
60941.4141,7804.71289 
60942.3164,9367.62695 
60937.3320,10954.6543 
60926.7852,12548.7549 
60944.8477,14131.0732 
60958.9414,15692.1943 
60965.1406,17256.3418 
60976.6680,18857.5430 
60977.8906,20429.7637 
60969.5703,21966.4434 
60955.4727,23509.5723 
60951.5117,25054.3047 
60947.7617,26606.2812 
60941.2539,28179.5508 
60939.5352,29730.6953 
60934.3125,31283.8633 
60919.7383,32857.4688 
60915.9141,34442.1094 
60921.0938,36027.0898 
60928.7617,37619.1992 
60940.3047,39181.7656 
60945.7773,40701.4102 
60949.8320,42243.8047 
60955.4766,43804.6523 
60965.4453,45401.6016 
60964.3242,46992.2461 
60971.1133,48563.8359 
62512.7734,99870.2500 
62513.0430,1437.51050 
62519.0664,3014.57788 
62530.0859,4608.80322 
62534.5625,6229.23340 
62528.9805,7801.53516 
62523.1016,9371.04785 
62523.2734,10946.6670 
62513.4062,12544.5527 
62507.4648,14140.6963 
62507.1758,15695.0068 
62524.6680,17274.8750 
62533.3789,18860.4004 
62524.1836,20426.2734 
62520.8086,21951.5020 
62506.4922,23493.7852 
62512.2539,25065.7832 
62532.1328,26606.7754 
62515.4922,28163.9453 
62497.4062,29733.1875 
62509.6289,31286.1211 
62511.8477,32843.1992 
62491.8242,34435.6484 
62478.1016,36026.5156 
62465.2969,37612.7891 
62443.6133,39177.5625 
62443.4805,40713.2539 
62466.1602,42260.1328 
62491.2852,43817.3555 
62500.8164,45400.2656 
62493.0742,46991.0273 
62506.6602,48587.4961 
64084.9570,99878.3750 
64098.7656,1445.76526 
64107.9648,3028.85205 
64128.3789,4622.67725 
64132.4883,6225.14258 
64120.6680,7788.06934 
64107.4688,9363.33594 
64095.5625,10939.7236 
64084.0977,12531.2822 
64068.8594,14131.5117 
64067.5000,15705.7168 
64078.1328,17289.5078 
64068.0430,18843.2168 
64049.1133,20418.8750 
64058.5820,21960.6445 
64084.8242,23500.1387 
64099.4219,25086.8887 
64106.1641,26609.8730 
64099.2578,28136.7363 
64086.7930,29728.0293 
64087.1211,31300.7812 
64091.6172,32834.4531 
64070.5078,34404.2227 
64037.9492,36009.1406 
64015.5938,37589.3633 
63988.5391,39156.6289 
63980.8125,40723.8945 
63996.6445,42287.7383 
64030.1016,43850.1758 
64058.0703,45404.4258 
64061.3438,46987.6562 
64057.0664,48594.5039 
65658.1328,99886.3906 
65652.5703,1447.68188 
65663.9375,3048.23389 
65690.3203,4641.74951 
65696.5391,6217.32910 
65690.2812,7780.45703 
65683.9844,9350.39160 
65670.7422,10927.5684 
65661.6172,12519.4023 
65653.3906,14121.5361 
65651.6328,15709.4570 
65646.3672,17285.1289 
65641.7578,18831.5156 
65642.9609,20414.7285 
65650.8516,21985.3281 
65671.2344,23519.0332 
65659.8438,25076.4629 
65639.3203,26608.9316 
65643.2578,28138.9512 
65645.5234,29721.6133 
65634.4297,31295.8594 
65632.7656,32836.7500 
65643.1484,34385.6523 
65629.9453,35981.2578 
65597.8672,37559.6133 
65568.3672,39135.0977 
65560.0391,40729.5859 
65572.9375,42308.2344 
65590.3203,43876.9062 
65602.0078,45419.5547 
65614.4219,46993.1211 
65610.1406,48578.8750 
67197.3750,99873.3281 
67201.5938,1454.96802 
67221.4141,3071.56421 
67237.3594,4661.58350 
67250.7578,6216.87354 
67245.4766,7772.75830 
67234.8594,9341.12207 
67227.9688,10918.6621 
67223.5938,12514.9385 
67225.4297,14121.0283 
67228.3359,15708.7344 
67226.3906,17279.1426 
67228.4688,18837.2441 
67233.4141,20417.0020 
67234.6484,21996.6387 
67242.9297,23525.2559 
67234.8359,25047.7988 
67205.9453,26590.7832 
67187.2734,28136.8320 
67185.1641,29719.8281 
67189.8438,31289.5723 
67189.1094,32846.4883 
67199.6719,34399.1055 
67201.5859,35961.5742 
67185.2891,37532.3672 
67174.1250,39116.8008 
67161.5703,40727.9102 
67164.7578,42326.0117 
67182.3828,43889.6719 
67190.4297,45424.0898 
67179.4141,46989.1523 
67148.1172,48553.5859 
68746.8906,99878.4219 
68770.2344,1478.50916 
68782.5391,3077.47241 
68777.1328,4670.51953 
68783.1484,6225.09277 
68782.8203,7761.88965 
68777.4297,9335.20605 
68774.9922,10912.9189 
68771.8984,12514.6348 
68775.9766,14127.1641 
68781.5469,15710.8135 
68784.9297,17280.1250 
68786.9531,18841.4160 
68791.8281,20418.8418 
68788.4062,21993.3887 
68778.3984,23528.4160 
68777.6250,25034.6660 
68773.1484,26571.7012 
68777.7500,28134.1309 
68779.6797,29724.9355 
68774.8984,31289.7422 
68763.8594,32837.7461 
68754.5859,34403.1016 
68757.1172,35956.2227 
68755.6094,37528.5859 
68756.4219,39113.3789 
68751.5625,40717.2773 
68743.7656,42330.8281 
68741.0781,43901.3672 
68747.5469,45425.8398 
68734.9609,46956.0586 
68698.7031,48519.2344 
70334.2031,99893.0156 
70345.6328,1498.69055 
70358.4219,3077.96094 
70350.7578,4659.57764 
70329.9922,6221.18311 
70321.7344,7759.30420 
70323.1719,9337.51562 
70337.4766,10919.5615 
70351.7266,12515.4873 
70348.2031,14129.3252 
70352.6875,15718.2295 
70360.1250,17281.6426 
70355.0703,18840.1387 
70349.5234,20422.5723 
70343.6250,21980.2246 
70331.3047,23519.5488 
70336.1719,25042.8496 
70358.8281,26587.3613 
70372.4844,28139.9180 
70349.4688,29702.8145 
70325.2656,31278.8535 
70325.2500,32830.9453 
70329.4844,34407.7461 
70341.7188,35963.3984 
70344.6094,37522.1055 
70331.2109,39105.6523 
70319.1406,40711.0117 
70310.7266,42320.0742 
70295.5312,43893.4492 
70284.9141,45426.8359 
70274.5625,46935.2891 
70263.7891,48501.1172 
71926.3672,99905.3672 
71938.6797,1508.47095 
71942.6016,3082.79102 
71934.1172,4639.51123 
71914.4922,6200.56641 
71903.0938,7754.46484 
71898.0469,9341.36719 
71909.7578,10946.5771 
71932.5078,12523.8770 
71935.7188,14125.1162 
71937.3125,15727.1055 
71938.1953,17283.4844 
71938.8672,18830.1797 
71923.3438,20406.0527 
71902.6328,21970.1074 
71897.3828,23517.9297 
71900.5938,25058.1875 
71906.2344,26600.3711 
71893.2266,28125.4727 
71880.7109,29681.1113 
71887.0312,31281.0234 
71896.7891,32836.7578 
71895.0156,34408.5352 
71891.2109,35973.9844 
71909.5469,37528.9844 
71921.8438,39093.2461 
71906.6562,40695.7383 
71886.3672,42305.9648 
71864.1250,43873.5195 
71838.1328,45408.6172 
71822.2578,46923.7148 
71823.0781,48502.2500 
73487.3906,99936.2969 
73522.0781,1521.34290 
73523.0781,3074.63647 
73512.0625,4628.68848 
73504.7812,6189.04785 
73496.9844,7749.69482 
73496.1953,9338.21973 
73492.4219,10955.8271 
73492.9062,12535.5312 
73499.1094,14128.3750 
73487.1016,15714.6250 
73459.2812,17275.7812 
73463.0000,18841.3633 
73482.6641,20395.3770 
73479.0078,21954.7637 
73456.5234,23504.4707 
73434.2031,25053.9199 
73429.1094,26593.1172 
73423.0938,28111.8965 
73423.4141,29688.1250 
73426.3594,31289.3418 
73432.5547,32845.0156 
73443.3203,34403.2734 
73443.7031,35977.9648 
73462.0781,37558.1914 
73482.8828,39098.3086 
73479.8125,40676.3164 
73456.1094,42279.3711 
73424.3125,43844.7305 
73408.2734,45394.3828 
73415.6406,46927.1875 
73418.6094,48502.9375 
75083.6094,99974.7344 
75105.4688,1540.50500 
75104.7344,3064.78491 
75099.6094,4622.33691 
75090.9922,6175.31201 
75072.0625,7740.81396 
75063.9609,9339.81250 
75062.9531,10950.4834 
75058.8750,12532.7490 
75040.2031,14115.5107 
75011.7109,15687.4014 
74996.8281,17256.7344 
74982.9375,18850.9121 
74983.8594,20412.4746 
74992.8906,21947.0547 
74981.2188,23476.3535 
74968.1250,25044.5176 
74978.2188,26602.6543 
74992.4766,28112.8477 
74988.5469,29682.7598 
74978.2969,31284.8379 
74979.9297,32857.3984 
74990.6016,34414.0195 
75009.3203,35992.0938 
75029.4453,37578.2383 
75039.9219,39107.9414 
75047.4688,40668.4961 
75028.9141,42247.5938 
75000.4531,43822.3164 
74990.4688,45394.7891 
74990.4453,46934.8398 
74994.2656,48496.4961 
76661.6484,99983.9062 
76641.4375,1532.03357 
76627.8984,3060.88794 
76633.6562,4625.85400 
76644.9062,6169.95850 
76643.5703,7721.93311 
76621.3828,9325.28516 
76602.5625,10947.5615 
76602.1641,12528.5273 
76588.3359,14081.0088 
76554.8359,15667.7676 
76541.6094,17249.4883 
76520.3750,18825.4414 
76496.1328,20408.8086 
76494.5938,21951.2305 
76506.5625,23476.4863 
76521.3984,25049.3242 
76522.7734,26613.1270 
76524.0078,28119.3379 
76530.8828,29678.4551 
76534.5234,31283.6934 
76540.3047,32862.8203 
76554.2422,34429.2070 
76574.0078,36014.8008 
76578.9531,37584.3320 
76577.1719,39117.6172 
76589.4688,40672.9180 
76583.9922,42219.1836 
76557.7812,43800.2109 
76539.6875,45385.4219 
76542.0547,46943.0195 
76568.8750,48516.3203 
78175.9766,99964.2812 
78153.4844,1508.51880 
78146.4531,3060.59399 
78146.2812,4633.95312 
78153.7891,6186.47021 
78173.3828,7724.55518 
78185.0938,9308.76562 
78172.6875,10929.6484 
78149.2500,12525.2617 
78143.9844,14063.7520 
78126.7422,15634.9150 
78088.5078,17224.2109 
78061.0000,18801.6641 
78047.5000,20398.8809 
78043.8438,21956.9785 
78054.4844,23496.3027 
78068.9219,25057.8477 
78066.6562,26603.5527 
78068.1094,28128.0508 
78088.3359,29691.4668 
78097.0703,31288.0977 
78109.0781,32880.5625 
78133.6250,34450.7070 
78139.7500,36018.0273 
78130.7266,37574.1523 
78125.2188,39118.7383 
78128.4453,40684.3398 
78138.0234,42211.0469 
78131.5859,43779.0430 
78123.8672,45382.2969 
78136.1875,46962.4102 
78146.9688,48536.5508 
79711.2266,99952.1172 
79710.9531,1501.27515 
79711.6641,3058.56543 
79702.0625,4625.07129 
79692.0781,6192.85547 
79699.8516,7746.79736 
79719.3594,9323.22852 
79715.7188,10904.5029 
79684.0547,12499.4062 
79672.7500,14066.5342 
79678.3594,15618.6094 
79670.0469,17196.3516 
79658.4609,18783.7148 
79636.4375,20380.7461 
79617.0156,21954.3301 
79613.5781,23503.2168 
79612.3750,25063.7285 
79624.7266,26610.1328 
79647.4141,28149.3086 
79670.2344,29710.0410 
79682.8281,31292.8848 
79688.5547,32895.8203 
79693.9062,34462.5938 
79701.4844,36016.6211 
79708.1406,37575.1094 
79713.8281,39118.6445 
79711.5781,40687.0430 
79715.3750,42220.4180 
79725.5547,43775.0508 
79727.2031,45385.7188 
79729.6719,46971.3633 
79732.5391,48536.3750 
81254.0391,99961.2344 
81263.5625,1507.55225 
81275.7500,3061.47363 
81284.4531,4617.38867 
81281.8750,6187.95898 
81279.1328,7753.13086 
81270.6641,9320.62500 
81249.7500,10883.4668 
81240.3281,12483.8164 
81235.1328,14065.7559 
81227.7031,15618.4102 
81227.0312,17196.5430 
81234.9609,18781.3828 
81235.1328,20359.3789 
81222.1094,21942.5039 
81212.4688,23495.8789 
81207.0625,25065.3906 
81215.3438,26629.7852 
81228.4688,28168.6328 
81244.1016,29729.3887 
81264.3281,31304.6211 
81264.8047,32891.2852 
81259.3828,34469.9492 
81276.7344,36030.7695 
81278.9141,37574.9141 
81272.8047,39119.8828 
81270.5312,40682.0117 
81271.2578,42231.5391 
81290.3906,43788.2969 
81297.3281,45382.7305 
81286.6797,46968.0742 
81281.6406,48542.7734 
82809.7188,99963.3203 
82813.7422,1519.62537 
82836.9375,3085.15869 
82862.6719,4629.30225 
82867.8203,6184.06836 
82864.6797,7750.72949 
82861.6328,9305.20898 
82849.2734,10867.7285 
82832.1328,12475.5811 
82811.5547,14052.3242 
82810.8203,15617.4014 
82816.0547,17194.8320 
82800.9531,18782.3848 
82793.9609,20357.8047 
82792.7266,21934.8535 
82794.5156,23493.7734 
82799.5391,25066.6777 
82798.8672,26634.7656 
82803.6797,28178.3828 
82817.8594,29748.7070 
82832.0625,31317.6582 
82837.5078,32883.1172 
82835.8125,34474.2500 
82839.1172,36042.0469 
82841.7891,37567.1328 
82837.3359,39115.8828 
82830.7578,40677.4727 
82830.9609,42241.4102 
82837.5703,43803.6836 
82843.5625,45381.2461 
82843.6875,46954.5430 
82830.8672,48536.8711 
84395.2188,99963.3438 
84410.8516,1536.28540 
84425.5703,3106.74023 
84430.9219,4640.73828 
84436.2188,6184.32764 
84439.7656,7750.02539 
84434.6094,9299.96094 
84419.4766,10849.2178 
84392.7891,12447.6426 
84376.7891,14043.5381 
84387.6719,15637.5391 
84400.1875,17189.3535 
84385.2656,18756.6836 
84365.2500,20350.2168 
84360.5625,21937.2812 
84369.5859,23504.3125 
84377.8125,25068.0215 
84379.1172,26636.3047 
84391.6328,28191.9980 
84399.5000,29756.5527 
84398.1328,31325.4355 
84408.7734,32893.2891 
84416.8203,34472.2461 
84411.7344,36043.2500 
84418.4062,37573.3828 
84420.5625,39107.9531 
84413.1719,40672.4492 
84405.8828,42236.7773 
84385.3594,43796.0898 
84379.7031,45391.5781 
84395.7578,46960.3203 
84401.8281,48528.7383 
85988.8438,99977.1250 
86002.9219,1552.18262 
86006.6953,3106.73682 
86002.1953,4640.79150 
86009.9453,6195.87158 
86012.8906,7746.67529 
85996.7266,9284.16406 
85982.8359,10829.6523 
85974.3438,12432.6475 
85970.4609,14041.5283 
85959.6797,15640.2646 
85959.4922,17195.7246 
85970.4922,18748.5508 
85960.7422,20335.2266 
85945.2031,21933.7734 
85942.1797,23513.9590 
85951.7969,25075.5547 
85968.2109,26648.3809 
85985.6406,28206.1992 
85995.4688,29755.6094 
85995.0469,31322.2676 
85985.8281,32898.0000 
85982.6484,34471.6445 
85978.6719,36039.1523 
85972.8281,37580.1055 
85979.6094,39108.5859 
85982.8750,40667.9219 
85971.3047,42218.6172 
85954.5703,43775.2891 
85937.8047,45388.9688 
85928.6562,46970.7383 
85940.8125,48534.8828 
87567.3281,99988.5312 
87580.9453,1562.07190 
87585.9531,3105.55176 
87588.9453,4643.25537 
87584.6953,6194.88037 
87560.3984,7727.09717 
87545.2812,9275.27734 
87560.9688,10835.3848 
87571.5312,12429.4775 
87558.7266,14028.9014 
87544.0469,15629.7227 
87545.4062,17205.9258 
87541.1406,18743.0801 
87523.5859,20318.2109 
87520.8672,21924.6387 
87508.8438,23506.9297 
87500.2891,25088.5684 
87518.9844,26670.2578 
87538.0703,28223.4219 
87561.0234,29773.6055 
87582.5234,31322.4375 
87577.5312,32884.3516 
87567.3359,34469.1680 
87555.3203,36023.8789 
87536.3516,37574.3516 
87541.8984,39121.4961 
87549.2578,40664.5469 
87547.0391,42210.7539 
87547.1562,43766.5469 
87532.5469,45366.3828 
87519.9609,46971.0430 
87536.2578,48557.5781 
89116.8594,5.51838303 
89133.0547,1573.80518 
89137.3438,3107.80981 
89139.8594,4644.62305 
89131.3125,6175.76758 
89120.7188,7708.59521 
89128.6641,9285.85059 
89146.0547,10858.5439 
89157.2656,12427.7793 
89143.0156,14006.0293 
89113.9375,15615.4775 
89095.2109,17202.7715 
89089.8594,18729.8145 
89094.1016,20320.7090 
89110.3438,21932.5215 
89108.7969,23486.7090 
89100.7188,25091.6270 
89109.5312,26686.6250 
89111.5156,28233.1367 
89114.6406,29794.4883 
89125.5156,31334.7734 
89131.5625,32876.2773 
89122.7344,34458.0078 
89112.8516,36008.8242 
89110.4922,37570.1094 
89113.4844,39131.7617 
89119.2266,40667.9102 
89125.1406,42212.6602 
89118.4922,43758.0234 
89115.0781,45358.8398 
89126.9766,46977.3047 
89128.5391,48568.7227 
90678.6328,19.0460281 
90679.0469,1577.01160 
90678.4297,3110.59863 
90681.9844,4644.39404 
90684.0625,6172.64062 
90701.9531,7723.09912 
90716.8750,9296.37988 
90714.8672,10865.1494 
90714.1484,12428.0645 
90706.8125,13984.0225 
90688.7344,15584.6934 
90664.7500,17188.9004 
90665.8828,18740.5098 
90679.5469,20329.4258 
90672.2969,21935.8340 
90672.4375,23486.6836 
90676.7578,25094.4629 
90667.5625,26684.8496 
90663.7344,28229.8730 
90665.8281,29794.6562 
90670.0859,31345.3691 
90691.0859,32885.7383 
90702.6953,34451.9492 
90701.9141,36007.9414 
90694.1797,37565.2422 
90675.4219,39125.9219 
90668.6797,40674.4258 
90676.8750,42216.7500 
90687.3203,43755.7734 
90706.4531,45377.4727 
90725.5859,46986.8047 
90717.9922,48553.8906 
92229.6016,17.7503700 
92215.7188,1569.06836 
92215.8828,3116.34619 
92225.4609,4649.73291 
92244.0000,6190.35547 
92269.5781,7744.26758 
92280.5078,9297.13574 
92282.2812,10861.4893 
92272.8203,12419.3076 
92260.3203,13979.4941 
92262.1328,15575.1162 
92243.6484,17166.3262 
92227.7734,18752.1035 
92241.8281,20333.9668 
92240.7734,21923.7188 
92236.3672,23489.2832 
92221.7969,25076.8555 
92196.3828,26671.7930 
92203.8281,28243.4395 
92220.8594,29802.2090 
92234.1797,31362.7012 
92254.7578,32910.4688 
92266.5625,34456.3750 
92263.6172,36000.5547 
92249.7109,37544.5703 
92232.4219,39107.1719 
92220.6406,40671.6680 
92223.0547,42231.8945 
92249.5078,43781.6562 
92271.7656,45397.0156 
92275.8750,46990.4609 
92269.3281,48533.3906 
93770.4609,99998.4609 
93757.0547,1560.19495 
93756.1797,3124.31201 
93769.7266,4666.92871 
93790.7500,6216.36084 
93811.5312,7766.79297 
93840.0703,9314.73926 
93860.2109,10864.2119 
93855.1172,12401.4746 
93837.9297,13966.8789 
93815.0156,15562.4355 
93795.2812,17139.4414 
93779.5625,18748.1738 
93773.1328,20344.2090 
93775.9297,21923.9062 
93779.2891,23487.8359 
93776.5938,25056.8672 
93773.4219,26666.8887 
93776.1094,28255.3398 
93777.1094,29810.9766 
93784.8984,31374.9082 
93786.0625,32917.3945 
93788.9922,34460.6484 
93797.3125,35998.6172 
93796.5312,37535.0000 
93788.8594,39098.3320 
93785.7188,40665.6680 
93783.6562,42239.8711 
93786.8594,43801.3047 
93784.1562,45396.4883 
93773.1797,46988.8516 
93777.3281,48527.4492 
95320.9844,99992.4453 
95326.9766,1556.42163 
95324.8984,3126.67847 
95333.2656,4684.24219 
95346.5234,6228.53125 
95356.2656,7785.90381 
95372.4844,9342.08789 
95382.9375,10871.4600 
95390.5859,12400.3418 
95395.1172,13950.4854 
95383.4844,15544.1709 
95388.7969,17138.7461 
95383.0156,18727.5273 
95353.1328,20328.9941 
95338.0547,21920.7207 
95326.1562,23486.2480 
95330.4922,25062.4160 
95340.4844,26669.8633 
95333.0859,28248.7988 
95329.2578,29814.7148 
95332.3047,31378.0977 
95331.3828,32917.5195 
95341.1562,34473.2266 
95350.4609,36005.2656 
95349.8125,37525.4727 
95334.5469,39087.7070 
95327.8750,40666.0391 
95317.5469,42230.1211 
95301.0547,43796.2109 
95292.3984,45380.5898 
95273.2109,46978.0859 
95266.8438,48537.9219 
96854.5391,2.36857295 
96861.8672,1561.92346 
96871.1172,3130.28369 
96880.0391,4698.03906 
96901.8438,6247.74414 
96923.0547,7795.04492 
96914.5938,9340.50781 
96907.9609,10876.0449 
96922.8125,12416.5898 
96942.5391,13956.1865 
96950.3281,15543.8809 
96944.6719,17141.6699 
96927.7109,18703.5605 
96914.7969,20312.6504 
96906.6953,21905.5898 
96896.4688,23480.5312 
96911.9453,25080.5488 
96916.3281,26664.5176 
96900.0000,28237.3828 
96895.6094,29815.2461 
96886.5625,31371.2109 
96879.7812,32920.7422 
96878.0312,34475.6289 
96867.6172,36007.0234 
96874.4531,37526.4023 
96878.2266,39075.7422 
96869.1641,40656.2539 
96847.0625,42204.6289 
96828.7656,43789.2734 
96834.7578,45378.5859 
96834.7109,46960.2656 
96819.2656,48534.2734 
98412.5000,3.96602273 
98409.5000,1568.40161 
98419.0859,3141.39136 
98426.7891,4708.15283 
98440.3906,6274.09863 
98449.2578,7796.66162 
98439.8594,9325.39844 
98443.8281,10886.4307 
98466.0547,12441.3252 
98495.1094,13978.0166 
98505.8203,15538.8643 
98488.0938,17121.1914 
98477.4531,18693.0918 
98479.5625,20312.3125 
98480.0312,21899.4297 
98483.3984,23487.7695 
98481.9375,25087.8359 
98463.5000,26646.2559 
98452.8984,28229.7715 
98448.5391,29809.4102 
98432.8359,31355.3320 
98419.5547,32916.7500 
98409.4297,34461.4844 
98392.0078,35996.0859 
98391.2891,37540.7031 
98413.5703,39084.7656 
98424.2578,40647.4102 
98417.0391,42186.2695 
98412.2656,43785.2773 
98407.1016,45384.9570 
98407.8750,46958.5156 
98412.4688,48529.8633 
49984.7070,50139.1094 
49972.2031,51652.4375 
49963.2930,53170.2852 
49956.9727,54751.3789 
49963.6484,56313.9766 
49969.3672,57883.1016 
49962.9805,59412.2969 
49964.6406,60941.6562 
49974.7344,62486.7031 
49980.1602,64013.2578 
49989.3359,65556.7109 
49996.3633,67111.4219 
50008.9336,68683.6250 
50013.7148,70223.5938 
50003.6992,71762.9453 
50006.1016,73334.1875 
50012.6992,74906.8516 
50008.0586,76476.7422 
49997.2578,78044.2969 
49990.5469,79615.1797 
49993.0156,81158.2188 
50002.2617,82696.5000 
49997.9492,84249.4453 
49996.6328,85832.3594 
50004.0586,87385.5234 
49995.5312,88952.0625 
49982.4961,90556.2422 
49990.3008,92121.5703 
50018.4570,93682.2734 
50040.0469,95260.2812 
50039.9883,96830.9141 
50018.3281,98391.4375 
51565.1172,50111.7891 
51539.1055,51639.1094 
51539.6055,53170.5742 
51539.2734,54749.0820 
51535.0000,56317.7383 
51533.6172,57881.4766 
51538.3008,59413.8164 
51546.7383,60948.3594 
51541.9688,62483.7344 
51532.6953,64015.6133 
51540.0078,65572.4844 
51560.2617,67125.7969 
51564.7188,68687.7500 
51553.7188,70213.6094 
51553.6172,71763.2969 
51565.6953,73349.3047 
51580.6602,74912.5469 
51576.6094,76463.2500 
51560.4844,78036.3359 
51554.2461,79612.4062 
51550.9805,81160.8047 
51559.8320,82706.3750 
51583.4219,84257.4219 
51599.8867,85837.5234 
51594.1562,87382.5391 
51593.9609,88945.2656 
51593.1289,90547.1953 
51588.4180,92133.0781 
51594.4922,93703.2266 
51599.1055,95270.4062 
51605.6055,96826.8047 
51602.4375,98372.0000 
53150.7500,50098.2539 
53148.0586,51632.9844 
53156.4570,53178.2227 
53161.1406,54744.0000 
53153.2500,56310.1602 
53135.5508,57875.8516 
53127.1172,59421.5977 
53127.1133,60948.1016 
53124.8320,62476.6719 
53128.8086,64012.3438 
53127.3516,65581.9375 
53129.8867,67136.1016 
53122.9609,68674.1641 
53115.6133,70212.1406 
53124.0820,71772.3203 
53125.4883,73357.7344 
53132.5859,74923.2656 
53137.8945,76451.1953 
53124.9062,78018.5469 
53104.0781,79601.9766 
53100.0898,81166.3750 
53120.5547,82731.5469 
53150.0742,84289.2344 
53165.7227,85839.3047 
53161.0625,87376.6797 
53176.9375,88960.4219 
53194.6406,90548.8125 
53200.0000,92134.1094 
53197.0352,93696.7656 
53178.4180,95262.6797 
53164.1484,96829.8359 
53158.4180,98362.0625 
54729.5703,50105.4141 
54738.8242,51639.1250 
54747.1016,53189.3359 
54749.5000,54743.3516 
54739.4375,56291.7070 
54713.0664,57847.6719 
54687.4883,59411.3750 
54677.0977,60944.4805 
54683.7070,62488.5469 
54703.6211,64021.9648 
54703.4141,65573.6953 
54690.5469,67130.9766 
54685.2578,68666.3672 
54682.6094,70213.2500 
54676.6250,71771.3125 
54669.6484,73354.3203 
54664.1562,74929.8750 
54674.0820,76461.0547 
54697.2578,78013.0859 
54698.3008,79586.0469 
54692.1250,81173.0703 
54692.5742,82747.0938 
54693.8906,84302.5938 
54694.7812,85839.0156 
54705.8477,87391.4141 
54737.5664,88989.3984 
54753.4727,90556.2344 
54752.2852,92136.6875 
54750.6211,93689.6328 
54741.4883,95239.9922 
54712.4648,96807.2734 
54693.4141,98354.8672 
56286.7344,50110.2695 
56293.3359,51647.7773 
56292.6914,53186.9219 
56282.3438,54735.9414 
56280.7930,56283.9062 
56284.2695,57830.3750 
56269.7031,59390.4297 
56249.1484,60938.1016 
56247.8477,62501.5938 
56250.8281,64030.5352 
56248.5195,65564.7031 
56242.8867,67122.2344 
56238.6094,68664.7734 
56235.8320,70207.1641 
56234.2188,71766.6484 
56236.8828,73347.6250 
56223.2188,74917.9766 
56217.5742,76482.5391 
56244.9336,78043.0234 
56271.7891,79590.7500 
56273.8984,81164.9141 
56262.9453,82741.3125 
56271.2617,84309.5312 
56286.1367,85845.0547 
56298.7383,87413.4219 
56312.1797,89010.2109 
56316.2148,90557.0312 
56309.1797,92127.4219 
56293.4297,93684.1875 
56284.7852,95225.6953 
56275.3164,96786.1641 
56275.5898,98352.1328 
57836.3945,50106.6016 
57843.6992,51653.9727 
57840.1211,53179.1914 
57841.2891,54735.9180 
57846.3359,56290.6562 
57844.9336,57830.8789 
57837.3555,59368.7539 
57821.7969,60923.2344 
57809.9766,62496.9844 
57796.9297,64023.1445 
57790.1836,65562.9297 
57785.4414,67116.8906 
57781.3086,68663.0781 
57787.9531,70210.9297 
57803.3750,71778.9219 
57820.2305,73352.4688 
57822.3320,74903.9219 
57813.9141,76483.7109 
57815.8984,78065.3047 
57831.3711,79608.4375 
57842.4141,81162.4844 
57851.2773,82746.2734 
57863.3789,84327.9766 
57876.6953,85860.2969 
57896.1641,87425.8906 
57897.5703,89008.1250 
57888.1445,90553.9062 
57877.1367,92110.1562 
57855.5391,93667.7344 
57853.2109,95225.2500 
57864.2578,96791.7344 
57867.8242,98351.5625 
59420.7383,50123.3672 
59441.8398,51658.1445 
59435.1953,53170.6133 
59426.5352,54738.4766 
59408.8750,56275.8984 
59381.5703,57820.1367 
59380.5898,59369.4336 
59388.5664,60916.3555 
59379.3984,62482.9961 
59368.6328,64012.4258 
59356.0625,65552.2969 
59339.4375,67108.1328 
59343.9922,68670.7109 
59362.0469,70226.8281 
59379.0820,71796.2969 
59387.5469,73361.2109 
59385.3828,74900.8516 
59384.4883,76480.8359 
59392.2695,78074.5156 
59401.8945,79620.1641 
59411.1289,81175.1641 
59421.0938,82754.9375 
59412.9609,84326.1719 
59421.2852,85882.7422 
59452.8750,87445.6172 
59459.2344,88999.4688 
59454.7695,90547.3516 
59448.8398,92093.8594 
59437.0664,93656.0000 
59437.0039,95236.9688 
59439.8984,96793.7891 
59428.3359,98341.1094 
60992.6914,50150.2266 
60999.9336,51664.3047 
61002.0312,53162.0703 
60992.5977,54722.1133 
60973.6328,56248.3438 
60957.9414,57802.4023 
60947.2578,59374.4609 
60944.4805,60915.9141 
60939.8789,62473.5312 
60934.0703,64005.0898 
60917.9609,65530.4141 
60900.0508,67101.9062 
60910.2188,68690.7969 
60933.5156,70247.0000 
60952.5586,71808.9219 
60953.8281,73356.4219 
60949.0664,74898.0469 
60960.5664,76490.6016 
60973.3164,78085.2969 
60975.3984,79622.4453 
60968.0938,81177.1094 
60956.5664,82747.8672 
60947.3359,84320.4531 
60961.0391,85913.3438 
60984.7891,87466.1562 
60995.2031,89001.0547 
61001.1445,90548.2734 
61001.3047,92089.6172 
61000.0312,93648.0703 
60987.3281,95231.1719 
60978.9844,96788.1719 
60977.9570,98335.9531 
62513.8945,50150.1680 
62497.1328,51659.1953 
62501.6797,53169.5664 
62508.9023,54714.5039 
62513.9414,56247.0625 
62522.3945,57796.4766 
62513.4180,59361.9961 
62504.5469,60912.1797 
62496.4297,62465.4453 
62478.6289,63992.5742 
62467.3086,65512.5000 
62459.3711,67094.1016 
62457.1680,68706.2500 
62476.1562,70273.0781 
62498.0195,71821.7891 
62504.9180,73354.7031 
62521.4570,74914.0234 
62547.8359,76509.7188 
62553.4141,78087.1719 
62548.8438,79616.8203 
62541.7266,81163.2891 
62534.0781,82738.6172 
62532.1016,84318.3594 
62520.4141,85919.8125 
62513.1172,87475.1875 
62519.2695,89011.7812 
62531.5898,90553.1016 
62538.1328,92090.9609 
62539.1250,93645.5703 
62538.1641,95221.5547 
62536.3906,96786.0156 
62523.6719,98328.6406 
64045.3047,50137.5664 
64043.1172,51656.4336 
64050.7812,53179.5586 
64054.6523,54718.4258 
64058.9062,56255.1680 
64058.4492,57795.7109 
64055.4805,59353.7969 
64049.5977,60904.3555 
64026.4180,62441.3867 
64000.9023,63977.0234 
64009.0586,65522.1484 
64033.4258,67096.6953 
64041.9766,68709.1797 
64043.8672,70288.9688 
64044.6641,71831.0859 
64054.2891,73368.7500 
64074.8789,74939.3281 
64082.0508,76518.3125 
64072.9922,78079.7656 
64074.0352,79620.7031 
64091.8320,81166.3438 
64100.7461,82740.3281 
64098.3516,84310.0938 
64084.9844,85900.2969 
64069.0508,87467.4375 
64062.9922,89019.1719 
64081.3945,90574.3438 
64103.9570,92096.3906 
64098.8711,93640.2812 
64094.7305,95225.2734 
64093.6211,96776.2266 
64079.9023,98312.0938 
65587.9141,50125.1875 
65584.3047,51663.9258 
65586.1406,53181.7109 
65593.0938,54726.2812 
65608.1875,56260.2070 
65617.0781,57797.0820 
65627.1172,59356.7422 
65620.7031,60886.5430 
65596.0547,62412.5352 
65585.4062,63970.5078 
65590.9297,65544.1484 
65612.4141,67124.3672 
65639.4766,68719.5781 
65641.2812,70279.6484 
65621.9531,71822.6328 
65617.5547,73383.0781 
65626.6797,74947.0859 
65619.5703,76507.2578 
65609.6016,78072.1562 
65610.7188,79635.6797 
65628.3125,81187.8672 
65640.4609,82741.6250 
65642.7578,84307.3906 
65640.5312,85887.9766 
65623.2578,87453.6250 
65624.3984,89027.2578 
65644.0625,90600.5703 
65659.3047,92106.9688 
65664.8750,93631.9453 
65658.9766,95221.9062 
65655.5000,96772.4141 
65659.9219,98311.6953 
67126.3359,50110.8633 
67126.2109,51665.6367 
67131.1797,53185.0039 
67139.7500,54742.5859 
67157.0703,56278.1055 
67175.9141,57810.2031 
67181.6719,59360.1992 
67175.1797,60870.8203 
67174.9141,62406.0703 
67188.3125,63977.0508 
67194.6953,65547.9141 
67195.7344,67141.5234 
67198.2109,68733.0000 
67195.9297,70269.9844 
67185.8906,71805.0312 
67178.6875,73388.0781 
67193.4375,74956.4766 
67207.3828,76503.4062 
67210.3047,78067.8750 
67199.7422,79631.1016 
67186.3438,81196.2969 
67189.6250,82750.1094 
67200.0312,84314.9453 
67198.0703,85872.4375 
67180.6797,87440.8281 
67187.4766,89047.3828 
67198.5703,90609.8750 
67193.8359,92112.3906 
67195.8125,93636.0547 
67196.4922,95215.9062 
67199.9219,96778.6016 
67206.6719,98311.8438 
68683.7734,50107.6016 
68684.2422,51672.3320 
68688.7422,53189.7812 
68689.1953,54747.1484 
68700.5469,56300.8281 
68731.0781,57828.7227 
68746.4766,59358.6406 
68753.9297,60874.6055 
68769.4297,62420.5859 
68773.2734,63984.7461 
68768.2344,65548.8359 
68763.9688,67135.0547 
68746.0859,68719.3281 
68735.9141,70267.1797 
68741.1172,71800.4375 
68741.8594,73391.5156 
68752.2812,74980.2969 
68775.8828,76520.2891 
68790.9688,78070.4922 
68793.3828,79616.6328 
68781.7656,81182.5469 
68763.7891,82747.5547 
68752.6172,84317.3906 
68755.7734,85869.0312 
68763.1797,87436.7422 
68753.9375,89048.6250 
68734.1406,90600.7500 
68719.3203,92103.2422 
68714.6406,93637.5625 
68725.8828,95222.4219 
68735.7109,96786.7969 
68738.6016,98312.6328 
70254.6641,50096.6055 
70233.2344,51664.2500 
70235.6094,53199.7891 
70257.6562,54754.1758 
70266.6641,56320.0703 
70277.7656,57857.4688 
70302.8984,59377.1211 
70323.6406,60889.5508 
70335.0859,62428.1562 
70331.2891,63970.4258 
70317.3750,65540.6328 
70313.5703,67128.2344 
70311.7344,68709.1250 
70316.6562,70273.8828 
70332.2344,71812.5234 
70348.8594,73392.9609 
70342.2891,74984.3828 
70334.6328,76534.4375 
70341.7578,78082.0312 
70355.7812,79623.5312 
70358.6172,81168.5625 
70342.7422,82727.4453 
70333.4141,84312.1406 
70338.8906,85882.9141 
70352.1953,87440.4062 
70339.3438,89020.2969 
70305.1250,90574.0781 
70281.1172,92092.2109 
70282.3672,93649.5938 
70300.8984,95239.5625 
70308.8672,96789.7969 
70320.2969,98320.2266 
71823.0391,50082.5195 
71808.4688,51648.3516 
71809.8594,53223.3086 
71833.1172,54775.4453 
71837.4609,56311.7930 
71823.0000,57858.5977 
71825.8516,59398.2344 
71839.4453,60904.3711 
71857.2266,62442.9805 
71879.6328,63973.6445 
71895.8047,65542.2266 
71903.8828,67128.5000 
71899.1562,68708.1641 
71895.9453,70280.4844 
71910.1484,71839.4922 
71945.2969,73411.3516 
71945.7656,74960.9219 
71916.9531,76521.6094 
71910.0078,78090.0625 
71915.1641,79633.1875 
71915.1016,81163.1094 
71919.5547,82724.3047 
71926.7188,84313.0078 
71928.1484,85891.2188 
71934.6250,87446.1406 
71928.6953,88999.3984 
71913.6172,90547.2734 
71899.7734,92076.1328 
71887.1172,93652.2578 
71871.1094,95240.1797 
71866.6406,96801.9609 
71896.5703,98349.3125 
73409.1719,50074.9805 
73403.0703,51637.8281 
73391.8281,53223.3828 
73381.6719,54784.6602 
73389.8750,56316.1367 
73408.1562,57859.5664 
73412.3125,59402.1055 
73409.1172,60912.1133 
73413.7969,62462.1602 
73432.3672,63998.1406 
73460.9922,65563.3672 
73478.3594,67130.9141 
73479.2266,68700.9531 
73477.4297,70280.3750 
73476.4453,71857.5156 
73480.0391,73432.0312 
73486.6094,74949.0078 
73489.6719,76508.3750 
73487.1484,78088.6172 
73475.6484,79627.1094 
73467.0234,81165.3516 
73480.6719,82741.1328 
73498.3203,84319.1094 
73510.4375,85897.2500 
73509.8906,87440.8984 
73487.2656,88982.8906 
73482.3359,90548.4844 
73498.8906,92076.6797 
73498.5859,93633.4922 
73473.0547,95212.9922 
73452.5859,96805.1094 
73456.8125,98379.1562 
74995.8672,50070.0430 
74997.3516,51635.2539 
74993.2422,53210.5859 
74983.4219,54775.3477 
74975.0781,56327.1289 
74976.5156,57870.7344 
74972.4609,59395.4961 
74965.2969,60906.2422 
74958.5234,62464.3359 
74969.7188,64025.8281 
75002.2812,65593.0703 
75025.6328,67145.1953 
75041.2734,68705.9766 
75037.2734,70274.1406 
75022.9375,71844.7266 
75008.8516,73426.6797 
75016.1875,74967.3750 
75040.9297,76520.7031 
75043.5781,78080.1094 
75035.5859,79613.2188 
75030.6484,81163.6172 
75030.8516,82756.1094 
75046.8672,84341.1172 
75070.2734,85910.5234 
75066.5938,87422.9531 
75052.1250,88965.2734 
75046.8750,90555.0625 
75047.5234,92089.7031 
75056.7500,93629.9688 
75062.3906,95198.0625 
75061.4844,96795.5469 
75062.1797,98390.0469 
76592.3828,50079.3711 
76596.9766,51632.1875 
76589.6797,53204.1719 
76582.3359,54766.5703 
76571.1484,56315.7305 
76556.5078,57862.4883 
76546.9609,59389.3984 
76548.4609,60905.4102 
76550.5391,62460.6797 
76551.0312,64043.5078 
76558.2031,65613.8594 
76570.5625,67164.1328 
76579.0000,68707.0469 
76562.3359,70258.2891 
76567.9531,71848.0781 
76589.4219,73428.0234 
76592.3359,74980.0469 
76591.5000,76528.6094 
76589.8594,78077.1719 
76596.7969,79618.7266 
76612.3594,81167.4688 
76617.8984,82755.5000 
76615.3516,84356.6797 
76620.7578,85918.5156 
76618.4375,87413.0625 
76619.1328,88964.4297 
76612.1172,90542.8281 
76597.9609,92089.3203 
76609.1797,93647.7188 
76633.3594,95213.4062 
76652.0391,96801.6562 
76661.1797,98399.9531 
78152.5156,50092.3750 
78170.7031,51639.5273 
78180.4609,53196.5703 
78166.6719,54753.6055 
78143.1562,56297.5820 
78121.2969,57848.4570 
78114.8672,59386.5547 
78119.0625,60912.9102 
78131.1641,62466.1367 
78135.6797,64040.1992 
78123.5234,65610.9766 
78118.7266,67174.2500 
78121.2812,68700.6250 
78119.3438,70251.4375 
78131.5156,71875.3125 
78147.6953,73440.7344 
78149.6641,74974.2969 
78145.6797,76524.8750 
78146.1641,78078.7422 
78148.4688,79628.8359 
78164.1953,81188.4688 
78182.2188,82756.2578 
78170.7812,84347.2578 
78160.9375,85920.5547 
78166.1484,87414.3672 
78169.2578,88964.7188 
78167.5625,90530.6172 
78163.0938,92085.6484 
78157.4141,93660.0234 
78162.8750,95235.1406 
78181.4531,96816.5000 
78188.7656,98400.7734 
79738.0781,50102.2773 
79751.8750,51661.4062 
79760.2500,53194.6445 
79743.4141,54728.2461 
79715.9141,56268.0430 
79698.1562,57835.6172 
79697.9609,59390.8438 
79702.7109,60920.5039 
79710.4219,62479.6055 
79714.8594,64035.3711 
79700.8047,65592.6250 
79683.3672,67168.9297 
79684.4297,68708.9766 
79704.9766,70262.6406 
79708.4531,71878.0859 
79702.5234,73445.5781 
79709.3984,74977.2656 
79709.0000,76523.2266 
79707.7266,78080.6875 
79715.0000,79636.6328 
79729.9219,81209.6094 
79738.1406,82758.1875 
79729.2969,84327.7422 
79713.1875,85915.0078 
79707.9141,87420.1328 
79715.2578,88970.2656 
79725.9062,90536.1406 
79728.1953,92077.0703 
79705.6094,93640.6719 
79684.5000,95238.7578 
79689.5156,96832.7422 
79704.7656,98404.2891 
81291.5078,50113.3281 
81302.5312,51670.5117 
81305.1562,53189.0625 
81298.6484,54710.1953 
81302.6953,56261.6445 
81311.6562,57831.5820 
81296.1328,59383.4180 
81278.5234,60918.6445 
81273.8438,62481.9297 
81268.8281,64030.3008 
81270.6328,65583.8359 
81272.2578,67158.7812 
81264.3125,68717.5938 
81273.0469,70280.4297 
81283.7031,71873.9141 
81286.4922,73448.0625 
81283.2344,74975.6094 
81271.4297,76516.2344 
81271.4922,78085.3438 
81279.3906,79648.0781 
81278.9844,81212.8672 
81270.8828,82757.0312 
81279.9141,84325.1172 
81274.6719,85897.4922 
81259.6719,87418.9609 
81263.4531,88978.5625 
81264.4062,90541.6406 
81265.1875,92070.5000 
81257.6797,93615.9922 
81242.0703,95225.6094 
81234.7578,96840.4375 
81241.5391,98420.7344 
82829.6953,50125.7656 
82838.5781,51679.3242 
82846.2812,53194.6914 
82866.9453,54720.7617 
82886.8750,56279.8477 
82893.0000,57827.8516 
82877.3906,59354.9219 
82856.9297,60905.6680 
82850.3203,62477.3711 
82849.9219,64030.0352 
82860.0312,65598.3359 
82868.3906,67155.5625 
82858.8125,68708.2109 
82860.4766,70292.9609 
82867.0938,71879.6641 
82859.4062,73445.3516 
82850.4297,74963.3828 
82844.1172,76510.2031 
82839.5312,78088.1484 
82834.1406,79648.0859 
82828.3047,81201.5625 
82826.1719,82760.0234 
82836.8281,84336.4922 
82829.3203,85878.5391 
82814.4297,87413.8906 
82811.5547,88979.1875 
82807.8750,90540.1797 
82814.7969,92077.7500 
82828.1406,93615.9062 
82838.1328,95220.7031 
82836.1172,96833.8438 
82821.3672,98417.8281 
84398.6250,50127.9453 
84397.9297,51679.9688 
84402.9922,53210.3320 
84423.8672,54745.9023 
84431.6406,56283.4453 
84430.8203,57827.8633 
84440.8281,59348.0117 
84442.9141,60897.2031 
84443.8281,62479.4570 
84452.6328,64036.9844 
84456.3984,65603.7344 
84451.0547,67151.5703 
84451.0859,68707.9297 
84457.3125,70299.5938 
84442.8281,71861.9375 
84411.3438,73427.3047 
84405.4766,74965.5703 
84412.8438,76506.3047 
84397.0312,78071.3047 
84379.0156,79641.7422 
84383.4219,81205.0156 
84393.7969,82767.4922 
84393.8281,84335.6719 
84388.5938,85866.2656 
84389.0234,87408.2422 
84383.3438,88972.7656 
84380.0703,90540.4062 
84378.1641,92084.9922 
84383.9766,93632.6094 
84402.0234,95232.9531 
84404.3047,96824.9297 
84394.7969,98402.9609 
85952.2578,50130.3711 
85962.0078,51686.1875 
85967.7656,53218.3633 
85968.6172,54756.7773 
85977.9219,56286.8320 
85991.0625,57839.4414 
86006.7969,59363.1328 
86027.6016,60904.9141 
86035.2344,62482.3242 
86029.4688,64041.1133 
86026.3984,65599.6172 
86017.6953,67144.7969 
86010.9766,68709.2734 
86003.2422,70293.6250 
85992.5312,71838.1797 
85976.2031,73404.1875 
85957.9609,74967.0625 
85956.5781,76507.0234 
85954.6406,78052.8281 
85945.0938,79636.0156 
85945.0078,81215.3750 
85950.9062,82772.0703 
85951.0391,84330.9062 
85954.9688,85874.3203 
85970.4062,87415.0703 
85979.2500,88971.5234 
85983.9609,90540.1328 
85979.2500,92077.7188 
85980.7734,93644.1016 
85986.4297,95239.0547 
85979.7422,96817.5781 
85979.6250,98403.2812 
87553.2969,50140.1367 
87552.2031,51689.5781 
87546.9766,53215.1406 
87549.9062,54762.4141 
87558.6016,56299.7656 
87560.5859,57847.4180 
87570.9844,59384.8398 
87598.8359,60929.0547 
87605.7266,62474.1758 
87594.8203,64031.8984 
87586.9922,65590.7891 
87571.9766,67132.4922 
87566.0781,68703.8359 
87562.7578,70285.3203 
87557.6797,71833.6250 
87550.1719,73386.9453 
87537.0391,74952.1172 
87536.1719,76512.1719 
87542.2344,78050.5312 
87529.3125,79621.6016 
87502.9922,81208.1719 
87494.2344,82777.2109 
87503.0938,84334.6562 
87510.0547,85882.5859 
87518.4531,87429.5625 
87531.1484,88981.3281 
87534.0234,90539.8359 
87533.6562,92078.3984 
87540.9141,93651.6250 
87537.2969,95233.3516 
87540.3125,96819.9609 
87555.6172,98412.1484 
89121.5391,50138.9727 
89109.5312,51679.7891 
89106.4688,53217.7266 
89113.5312,54769.5391 
89110.5391,56295.9648 
89104.2422,57845.7656 
89107.3281,59401.0625 
89110.9141,60941.6562 
89113.8281,62473.2812 
89126.1641,64034.6328 
89130.3125,65582.0625 
89129.8828,67126.3125 
89132.0625,68704.3359 
89124.2188,70278.4453 
89114.8906,71825.0859 
89110.2500,73382.6406 
89121.2734,74956.5234 
89126.6953,76516.9531 
89126.5078,78050.3359 
89122.8359,79597.2188 
89099.8516,81179.2188 
89074.3672,82769.7812 
89062.6484,84343.5547 
89072.9688,85891.4219 
89076.3203,87434.0859 
89072.3438,88986.4688 
89076.7422,90539.2188 
89082.8906,92082.9844 
89080.5469,93647.6094 
89073.2891,95230.3281 
89086.3203,96839.5312 
89102.6719,98426.0703 
90690.6016,50118.9453 
90664.7656,51666.0508 
90656.8828,53219.9648 
90658.2734,54772.0000 
90665.3203,56295.7031 
90668.7500,57843.5742 
90661.1875,59397.1875 
90658.2812,60940.5508 
90666.0000,62485.1367 
90671.8125,64042.8711 
90669.1719,65584.1797 
90678.8438,67136.9297 
90680.2031,68694.7969 
90667.3750,70268.3672 
90669.8984,71823.8047 
90672.2422,73386.2109 
90668.9922,74961.0391 
90654.3906,76505.9141 
90649.5391,78057.1016 
90664.9375,79601.1953 
90675.2969,81167.6250 
90664.6641,82740.2031 
90627.1719,84326.8516 
90611.2734,85899.0859 
90606.9297,87423.6641 
90600.2109,88986.6016 
90612.7969,90554.2422 
90626.7812,92090.0000 
90637.0312,93646.4609 
90653.1953,95238.4531 
90662.9609,96851.6250 
90667.7422,98436.0859 
92240.8516,50083.3398 
92216.2500,51650.1094 
92216.1172,53220.7695 
92217.8281,54776.2070 
92220.8203,56304.7812 
92223.2266,57841.3125 
92231.6562,59399.7070 
92247.8594,60949.3789 
92249.1562,62486.2734 
92236.8203,64032.9961 
92223.2266,65578.2500 
92213.8672,67141.4062 
92215.8047,68691.9844 
92222.5781,70269.3047 
92225.9141,71830.0078 
92226.2031,73380.5781 
92216.8594,74948.4844 
92212.7266,76496.8672 
92215.5078,78063.5078 
92211.9922,79607.5234 
92207.0938,81174.0938 
92212.9531,82726.7422 
92201.0625,84290.7891 
92167.9062,85883.4141 
92157.7500,87422.5859 
92168.0234,88992.8672 
92166.3125,90560.0078 
92165.4844,92100.3906 
92190.0000,93674.3359 
92225.3359,95261.5000 
92238.5859,96851.5156 
92235.8906,98441.2812 
93777.3750,50062.0117 
93773.7344,51647.2891 
93781.3281,53226.8867 
93786.8203,54773.3047 
93782.1484,56301.3164 
93779.5859,57846.6172 
93787.6719,59417.5430 
93794.0938,60957.1445 
93792.6719,62477.0234 
93782.7422,64020.4688 
93775.8359,65568.5938 
93774.8516,67136.4922 
93781.8750,68702.4297 
93781.4844,70265.5703 
93764.9609,71828.5391 
93775.0156,73387.4375 
93790.5000,74949.2031 
93799.8516,76502.8516 
93795.2500,78057.2891 
93780.7109,79593.6562 
93765.4844,81165.3750 
93758.4688,82736.2500 
93768.2188,84278.5234 
93754.8125,85854.4922 
93739.4062,87425.4922 
93738.6172,88994.8828 
93734.1094,90552.3203 
93742.9141,92112.9062 
93752.1406,93698.1875 
93762.8594,95287.8438 
93787.3438,96860.8203 
93789.6562,98430.2891 
95281.1406,50068.9609 
95296.4766,51653.9883 
95315.8672,53245.8281 
95349.0703,54789.9570 
95373.6875,56303.7734 
95381.0156,57845.3828 
95369.8125,59409.4258 
95348.2734,60951.4453 
95341.2344,62474.2891 
95333.2578,64008.7227 
95330.0234,65572.9844 
95344.0547,67147.3750 
95356.6172,68711.9062 
95356.3750,70247.1562 
95334.5391,71815.3125 
95330.4609,73406.5859 
95345.0859,74965.2734 
95357.5156,76506.5625 
95348.1797,78039.3203 
95334.3672,79585.5078 
95332.1016,81151.4141 
95321.0156,82732.3750 
95322.0312,84286.9062 
95331.9922,85845.3750 
95327.1406,87416.1172 
95315.1172,88989.2188 
95317.4766,90561.0312 
95327.8281,92122.4531 
95318.1094,93686.9531 
95307.4297,95299.1562 
95317.0391,96879.6484 
95319.2812,98422.5234 
96829.0391,50093.8359 
96862.6562,51676.7305 
96879.1016,53269.3438 
96894.6719,54821.5391 
96918.0312,56327.1094 
96940.9141,57855.1797 
96948.1484,59393.6211 
96934.6797,60930.3750 
96919.3203,62466.7148 
96915.9688,64003.4766 
96920.4141,65579.7578 
96921.8750,67153.8047 
96918.5859,68718.6484 
96924.7266,70244.9453 
96925.5859,71798.6562 
96913.3047,73401.9375 
96902.2969,74971.2188 
96899.7344,76510.0625 
96894.1172,78024.0625 
96883.7344,79580.9844 
96886.1797,81154.3125 
96891.3438,82728.0000 
96892.4922,84295.7891 
96903.4375,85855.1172 
96905.6484,87405.0234 
96897.6016,88981.5234 
96897.9375,90566.5156 
96899.4766,92121.3516 
96896.3047,93675.5703 
96884.0625,95291.6719 
96861.4062,96872.3281 
96849.6562,98420.4453 
98426.1016,50121.0625 
98440.7812,51694.1836 
98436.9688,53268.2500 
98437.2969,54831.8320 
98446.4375,56344.0391 
98449.7969,57865.0391 
98447.7344,59396.6875 
98462.8125,60930.2305 
98472.7891,62461.7148 
98472.9062,64007.8594 
98481.5469,65586.7500 
98488.7109,67150.4609 
98482.9297,68712.4844 
98477.8906,70253.2266 
98490.1953,71803.6875 
98495.0000,73391.7344 
98486.9453,74958.8984 
98471.4844,76499.7344 
98458.7500,78016.0234 
98455.7031,79575.4219 
98447.0234,81154.1641 
98436.0156,82724.4844 
98427.0156,84295.5000 
98426.3438,85863.8750 
98436.3594,87408.6094 
98453.2500,88988.6172 
98473.0391,90578.4141 
98491.9531,92127.8594 
98493.5234,93665.1406 
98464.3281,95258.2812 
98421.1250,96844.6797 
98408.8750,98423.8828