99886.2266,99950.7812 
99867.8281,1489.04871 
99867.6094,3039.57227 
99868.8984,4604.79688 
99867.2109,6206.33936 
99877.9609,7815.59424 
99889.0000,9411.35547 
99901.9141,10994.1416 
99903.2969,12566.3994 
99904.1641,14116.0928 
99901.2500,15665.5908 
99883.2031,17235.2246 
99880.2031,18802.9902 
99875.3594,20370.8984 
99877.1641,21972.8047 
99889.1172,23548.9648 
99896.3828,25095.7559 
99919.1328,26656.1387 
99937.6016,28196.5547 
99940.0938,29760.1504 
99943.4609,31327.9258 
99944.3906,32893.5625 
99944.2500,34431.3203 
99935.4219,35953.5938 
99926.9844,37511.3242 
99941.3359,39067.7266 
99946.8828,40632.9766 
99944.4766,42208.4844 
99947.4297,43795.5508 
99948.5156,45359.7383 
99960.4844,46897.1523 
99983.8047,48426.4688 
1455.29761,99935.3594 
1451.52185,1483.32703 
1453.59460,3047.22729 
1467.30811,4611.75098 
1485.44495,6218.81299 
1498.36719,7827.02197 
1494.90771,9414.22852 
1480.90991,10989.9980 
1460.12036,12549.2725 
1441.35205,14112.3506 
1436.47766,15659.3652 
1436.46301,17228.9473 
1439.51440,18804.6309 
1447.79578,20374.2988 
1458.51550,21980.1816 
1452.23059,23548.1816 
1459.67004,25116.3535 
1485.89209,26683.5020 
1501.95068,28204.9805 
1514.76721,29766.0176 
1531.17139,31337.1777 
1534.58655,32886.2266 
1515.53625,34418.8789 
1507.45386,35947.7344 
1512.33740,37521.7422 
1522.74646,39082.2500 
1531.22241,40632.0312 
1529.01587,42205.7734 
1515.99255,43789.2539 
1511.79102,45362.6055 
1532.15869,46919.6914 
1551.51587,48440.5547 
3051.25659,99929.8516 
3047.39038,1482.39282 
3050.34741,3056.45435 
3071.69116,4636.45020 
3092.07202,6232.51123 
3085.48096,7819.66797 
3061.97803,9392.79395 
3040.60889,10970.9521 
3029.12769,12533.0234 
3019.20117,14099.0957 
3003.53931,15653.1855 
2999.31201,17234.3203 
3009.78979,18813.9551 
3025.34814,20390.6777 
3031.61353,21977.7363 
3019.65576,23539.9688 
3028.30225,25136.9844 
3042.55103,26699.2285 
3061.96558,28226.3672 
3091.20923,29787.1348 
3107.65576,31352.2617 
3116.93506,32879.8477 
3115.46704,34406.9844 
3113.43311,35945.9648 
3097.57446,37514.8008 
3088.47461,39091.0859 
3101.54663,40640.9688 
3101.36328,42194.1055 
3091.80151,43778.5078 
3104.05347,45381.6602 
3126.76758,46943.6250 
3134.51562,48447.1953 
4647.13818,99923.2344 
4647.04053,1481.78894 
4652.40820,3065.39868 
4655.43115,4654.66699 
4659.08105,6236.31201 
4652.29492,7801.40918 
4640.41699,9375.84766 
4635.77051,10960.2100 
4627.27979,12525.4805 
4619.06494,14087.7041 
4610.14160,15638.7900 
4607.44385,17238.0156 
4613.63672,18825.6406 
4618.36963,20400.1465 
4614.03760,21967.6406 
4603.39062,23535.4785 
4602.73145,25148.7266 
4604.65576,26707.6699 
4617.33545,28253.8828 
4637.73828,29807.5312 
4657.77686,31368.4395 
4682.25098,32894.0469 
4700.64502,34414.1328 
4710.81299,35941.8320 
4707.45068,37495.8086 
4696.88525,39090.9180 
4690.19824,40645.6641 
4687.82520,42189.7773 
4694.29736,43785.6523 
4702.99170,45396.6992 
4697.23926,46944.8672 
4695.40918,48453.2930 
6216.33740,99925.6328 
6230.85742,1495.06653 
6244.82617,3066.54980 
6231.06006,4642.56836 
6214.30615,6233.28271 
6210.64160,7794.10791 
6211.08398,9375.76660 
6218.47168,10960.4990 
6217.56445,12516.0703 
6209.38281,14082.0898 
6210.65576,15641.2266 
6223.53027,17245.2637 
6226.79980,18825.1348 
6217.51953,20395.3105 
6208.70605,21959.4688 
6199.84033,23523.6543 
6178.86768,25137.7285 
6169.36133,26709.7109 
6174.22168,28264.2090 
6183.45361,29826.2383 
6206.27930,31395.4863 
6228.27734,32918.1406 
6253.50684,34434.3125 
6277.88135,35957.5820 
6296.78857,37498.2109 
6291.36035,39074.3867 
6273.37061,40636.2539 
6277.38037,42195.8711 
6285.27930,43791.3477 
6278.55273,45389.5938 
6264.23730,46932.8711 
6265.82715,48467.7031 
7791.91895,99931.5625 
7792.89014,1509.91638 
7805.03418,3072.63501 
7802.20898,4621.01367 
7784.56152,6221.94873 
7781.64453,7796.37744 
7789.83984,9382.65234 
7789.80322,10964.1191 
7787.55029,12512.4521 
7786.40479,14075.3604 
7788.55420,15650.1777 
7799.22705,17257.8262 
7805.52832,18822.7734 
7797.22559,20378.9160 
7776.38086,21950.3750 
7776.25684,23515.7188 
7768.63232,25116.5859 
7756.99365,26712.7129 
7766.33887,28272.0586 
7776.61914,29838.9258 
7778.43408,31405.4746 
7781.81152,32937.3984 
7808.58350,34463.8164 
7826.93848,35975.8008 
7837.59326,37509.5586 
7843.47314,39062.3047 
7840.00488,40632.8906 
7846.75195,42210.3594 
7858.20947,43793.5586 
7852.39502,45375.1055 
7840.41992,46924.3477 
7842.73193,48479.9805 
9366.23730,99928.3594 
9365.69727,1513.17712 
9374.84863,3084.98730 
9384.56250,4615.46533 
9383.22168,6210.88965 
9376.79590,7799.65381 
9370.69531,9380.28027 
9352.01172,10950.6016 
9348.06152,12518.0918 
9370.24902,14088.5078 
9391.13867,15660.0791 
9387.43848,17256.0605 
9377.36914,18824.8301 
9381.38477,20365.9473 
9373.87500,21939.7949 
9383.15234,23530.6582 
9390.21289,25102.6328 
9373.47461,26706.5117 
9374.14551,28284.3398 
9377.79785,29840.9746 
9371.42969,31399.3301 
9374.69824,32950.7344 
9382.67676,34481.0742 
9386.05176,35980.8281 
9395.08984,37522.0117 
9412.05859,39071.9297 
9424.52734,40632.6797 
9422.05469,42214.7266 
9421.10742,43797.5391 
9417.29785,45365.1484 
9418.24316,46924.9492 
9423.03516,48483.5781 
10933.9805,99934.6562 
10952.3789,1521.61780 
10952.6504,3089.81152 
10959.7129,4629.03516 
10978.2432,6212.71680 
10976.9004,7788.45508 
10958.1387,9361.43945 
10946.5547,10939.8555 
10952.6494,12531.5010 
10957.3906,14107.8965 
10958.3154,15666.2822 
10955.6914,17241.0469 
10955.2627,18826.8750 
10968.4961,20376.0840 
10974.8408,21937.5723 
10967.4014,23537.9277 
10962.4863,25095.1289 
10957.4766,26696.2871 
10948.8721,28283.2715 
10933.6240,29830.8535 
10927.7314,31400.3750 
10932.7803,32954.2461 
10927.3125,34480.2891 
10943.0391,35996.1172 
10966.3643,37535.9688 
10980.4756,39092.3672 
11003.7666,40646.1367 
11014.8818,42210.6680 
11004.3174,43788.3945 
10990.6055,45361.2891 
10989.3525,46930.9453 
10983.1367,48476.9180 
12487.8193,99957.9766 
12512.2412,1535.30676 
12522.1396,3087.46631 
12536.7773,4647.79785 
12554.4268,6228.51611 
12565.3311,7784.07568 
12564.2949,9348.96094 
12564.1064,10943.3242 
12559.6094,12527.1670 
12536.6035,14091.4453 
12521.0654,15662.8867 
12528.3730,17251.2832 
12541.2002,18836.6465 
12541.5889,20383.0840 
12540.9033,21932.4375 
12532.7998,23525.1758 
12529.5889,25095.9102 
12529.8164,26690.0039 
12511.6504,28263.5977 
12493.0459,29815.8223 
12489.3125,31404.8809 
12490.6436,32951.3242 
12488.8672,34483.6797 
12503.1885,36026.0000 
12522.3066,37552.0469 
12537.2988,39108.3242 
12550.8389,40665.4492 
12562.7539,42214.5352 
12559.0381,43770.3594 
12542.3174,45349.7734 
12529.6729,46920.3789 
12513.3701,48465.0938 
14072.9688,99970.4219 
14074.3506,1551.98523 
14099.8994,3114.65820 
14135.9199,4670.03662 
14146.8389,6236.39307 
14150.7461,7791.83691 
14155.7480,9349.49512 
14152.4404,10939.8662 
14137.8916,12508.9062 
14130.0303,14079.4414 
14139.1279,15663.1641 
14132.7090,17250.3535 
14109.9707,18828.7773 
14098.9150,20380.5039 
14101.4531,21934.5078 
14099.9727,23520.9688 
14097.3535,25097.0234 
14089.1094,26677.6504 
14077.1289,28247.7598 
14074.5547,29809.3770 
14067.4160,31402.1895 
14064.2354,32951.9766 
14066.6270,34483.1758 
14052.4102,36025.0195 
14043.9580,37563.9375 
14061.4932,39125.5391 
14074.9678,40674.5742 
14085.3438,42224.4258 
14088.6240,43760.6602 
14078.0449,45338.6055 
14075.4238,46914.2266 
14079.4805,48455.8008 
15694.4316,99962.6719 
15682.5723,1549.29761 
15675.7275,3138.80054 
15684.2627,4691.18506 
15698.1387,6241.78760 
15708.0039,7796.94385 
15709.0781,9347.72559 
15698.7900,10928.2031 
15689.6416,12498.9199 
15696.9727,14092.7539 
15714.6777,15674.7217 
15709.9199,17226.8340 
15683.5879,18805.1992 
15669.5762,20377.0840 
15656.3848,21925.5742 
15637.9922,23511.8789 
15635.0449,25095.0137 
15636.6533,26668.7305 
15634.0801,28245.9941 
15631.5576,29804.5879 
15613.7920,31386.0605 
15599.1631,32953.8438 
15602.6445,34481.9023 
15603.3828,36010.0898 
15606.5479,37570.4336 
15616.9307,39142.8398 
15629.0879,40685.8906 
15639.0137,42233.4297 
15639.0381,43753.6758 
15624.8291,45324.3984 
15606.4248,46915.0039 
15607.5537,48462.6133 
17264.2207,99964.4297 
17261.6914,1535.73474 
17244.1152,3124.11108 
17236.4648,4698.94434 
17253.5430,6261.38574 
17274.5078,7808.86963 
17283.6992,9343.20020 
17275.3965,10915.4570 
17268.3867,12500.4609 
17271.4590,14103.1084 
17264.4121,15674.6963 
17246.0000,17206.8320 
17225.2832,18783.5254 
17209.1133,20365.2891 
17202.9004,21910.3887 
17195.4707,23502.0742 
17193.2715,25103.0586 
17203.1680,26673.1094 
17203.6523,28242.6191 
17198.0059,29794.7324 
17184.8066,31362.1797 
17164.9531,32943.4023 
17158.7539,34488.5039 
17171.3887,36022.9883 
17184.3691,37578.2344 
17184.6504,39148.1133 
17189.7754,40695.5898 
17189.2715,42234.3711 
17186.5781,43750.8672 
17182.3574,45303.5508 
17157.1543,46892.5195 
17145.3066,48468.4531 
18813.0117,99960.9922 
18809.2754,1529.46045 
18815.0781,3119.14551 
18825.9219,4708.68555 
18833.1133,6277.74951 
18843.4316,7826.92822 
18863.5684,9352.26367 
18868.7012,10904.2246 
18850.4297,12489.3936 
18826.8535,14090.8135 
18803.0527,15653.5449 
18790.8652,17191.6992 
18784.6621,18767.9062 
18772.9043,20358.2520 
18772.6855,21912.3867 
18764.7734,23488.6934 
18746.4922,25098.9102 
18737.4062,26675.1738 
18730.8203,28238.4160 
18736.3203,29797.7793 
18754.1523,31358.8438 
18759.3398,32930.7422 
18746.2285,34482.9492 
18734.1465,36029.2148 
18728.6562,37577.5078 
18725.1230,39147.8828 
18723.5488,40695.6367 
18710.2539,42221.5625 
18702.4219,43754.0859 
18711.3691,45298.8984 
18710.3359,46876.6484 
18712.9961,48479.3242 
20352.9316,99961.3906 
20372.4707,1543.76221 
20397.5254,3135.33618 
20403.3652,4710.47803 
20392.8594,6272.47412 
20386.6582,7838.17041 
20397.8965,9370.93164 
20404.4492,10898.6377 
20397.2461,12467.8447 
20381.7637,14065.1104 
20364.9551,15639.9268 
20365.7051,17195.0039 
20361.6738,18756.4766 
20344.8730,20345.8242 
20332.3672,21905.8516 
20317.9941,23472.0371 
20299.4746,25080.3164 
20271.6504,26657.4668 
20259.2949,28237.4531 
20273.5820,29819.3574 
20297.8379,31383.3789 
20311.2129,32930.3008 
20304.0605,34464.5586 
20289.0566,36015.3828 
20281.1250,37573.3711 
20278.9688,39144.8477 
20270.8457,40687.0430 
20264.3164,42210.2227 
20264.5879,43759.5664 
20274.7246,45311.2148 
20287.5176,46878.1367 
20287.5410,48484.0703 
21910.8613,99974.2656 
21925.9395,1570.72375 
21947.0742,3153.03223 
21962.5312,4712.26855 
21971.1484,6264.38770 
21962.2520,7832.09961 
21953.0293,9374.50391 
21951.0195,10898.2236 
21956.7051,12471.2725 
21967.1855,14058.9131 
21967.0605,15632.6699 
21958.8262,17190.7871 
21943.6348,18741.2754 
21936.3438,20337.5762 
21930.0527,21892.5918 
21907.1445,23450.4727 
21873.0312,25047.9414 
21843.0254,26632.8906 
21839.0840,28243.2773 
21841.0879,29830.3828 
21833.6836,31388.5977 
21823.5039,32929.7461 
21831.8516,34466.7539 
21846.6719,36011.4102 
21847.0137,37570.9648 
21841.4707,39138.3008 
21831.3887,40678.2070 
21822.4688,42207.1875 
21811.2578,43756.7422 
21804.9414,45321.2500 
21825.7090,46898.1836 
21853.8008,48485.1719 
23472.0410,99987.0469 
23489.4336,1585.31189 
23501.2734,3168.93091 
23507.6465,4726.99170 
23512.7891,6269.68652 
23516.2812,7822.52979 
23518.3555,9373.33008 
23527.5098,10900.8945 
23526.9102,12474.9180 
23526.5312,14068.6553 
23538.8691,15634.6152 
23534.3301,17176.1719 
23520.9180,18728.8945 
23506.2812,20328.4688 
23479.0762,21871.6641 
23455.7402,23422.4395 
23441.7148,25023.3516 
23441.4238,26627.2012 
23436.0273,28237.6875 
23417.6035,29818.9316 
23406.8691,31374.7480 
23394.1016,32922.2773 
23393.5117,34486.2969 
23412.0996,36026.9375 
23426.6895,37569.6016 
23420.1875,39127.5273 
23409.3926,40667.0469 
23394.2656,42189.0312 
23371.4453,43739.4766 
23362.0508,45323.1602 
23372.1426,46930.3398 
23395.9688,48508.7656 
25030.4824,18.5207691 
25055.0352,1601.51184 
25065.1777,3172.83228 
25057.2812,4714.85400 
25043.9219,6271.59912 
25053.5215,7833.59717 
25064.4609,9385.11133 
25082.2031,10915.8369 
25097.6738,12469.1094 
25093.6914,14071.5420 
25091.2148,15638.8154 
25080.4902,17163.7793 
25077.7891,18723.4531 
25067.9082,20299.7539 
25036.3418,21843.2168 
25028.5781,23417.3926 
25031.9590,25023.4902 
25027.8965,26627.0684 
25019.4707,28221.4082 
25008.0859,29805.5254 
24994.0684,31364.8125 
24980.0352,32908.3672 
24964.8242,34482.5742 
24961.4453,36046.1172 
24980.4570,37581.0039 
24980.8086,39115.7109 
24978.3926,40665.5508 
24981.7852,42173.7852 
24968.1484,43722.6484 
24954.9785,45317.6328 
24941.0918,46930.9062 
24925.3555,48510.3398 
26588.9766,35.5530090 
26593.5332,1611.38806 
26604.1523,3184.83740 
26627.6738,4715.85889 
26636.8809,6268.36133 
26622.3398,7832.04688 
26605.6523,9385.44434 
26616.8945,10945.2949 
26657.3320,12489.4102 
26667.4824,14061.6650 
26645.2402,15622.2549 
26627.3574,17152.7617 
26623.0879,18728.4219 
26622.0918,20283.7578 
26612.9609,21826.1855 
26606.2832,23419.4121 
26601.7910,25018.5078 
26596.7988,26619.6172 
26595.3086,28218.5723 
26589.1719,29791.7129 
26569.9922,31344.7324 
26559.0469,32900.2852 
26555.6348,34469.3242 
26541.4941,36043.8750 
26531.3125,37588.7031 
26534.0000,39112.7734 
26535.9434,40671.3516 
26536.2324,42173.3555 
26536.6738,43711.5391 
26529.0117,45303.2383 
26511.1211,46910.8984 
26491.0371,48492.0195 
28143.8770,43.3748627 
28159.7383,1619.25439 
28166.4414,3198.05225 
28173.0625,4739.02295 
28180.3887,6262.64307 
28169.3652,7810.57861 
28169.3105,9382.17090 
28181.0684,10971.8867 
28199.0059,12519.0723 
28198.9863,14047.1875 
28181.4102,15602.6641 
28174.7949,17143.0449 
28162.4355,18719.4863 
28158.2969,20286.6250 
28177.4648,21828.2812 
28177.3066,23407.4473 
28161.0488,25014.1328 
28161.0918,26620.5879 
28152.2773,28209.5859 
28137.9180,29781.5879 
28137.9941,31335.8301 
28129.4277,32893.7305 
28121.3281,34465.0664 
28115.8652,36024.7578 
28098.6289,37580.6641 
28100.0020,39120.4023 
28091.8184,40660.1172 
28075.1094,42172.1367 
28082.7207,43718.3398 
28083.4531,45292.2461 
28066.7520,46890.3594 
28048.1855,48473.9414 
29719.7363,57.1086693 
29725.6562,1631.50244 
29719.2871,3189.00586 
29701.3984,4735.58691 
29699.2305,6265.15723 
29716.8848,7821.08740 
29741.1016,9399.55078 
29747.9434,10975.2793 
29738.0781,12516.8926 
29730.6016,14035.1914 
29730.0898,15597.9355 
29735.0020,17142.8477 
29736.6855,18708.8223 
29732.9375,20297.9707 
29751.3086,21856.0645 
29774.4102,23400.0547 
29765.0332,24997.7676 
29743.7227,26612.2930 
29724.1660,28190.1895 
29709.3691,29774.9102 
29699.3789,31331.8887 
29687.4102,32878.3906 
29683.1738,34465.6875 
29683.0254,36017.3867 
29671.4961,37568.3320 
29653.4609,39112.2656 
29630.0039,40636.1602 
29619.0508,42169.2852 
29619.8203,43722.7930 
29615.4805,45283.0781 
29611.8008,46876.9609 
29604.5195,48461.3750 
31303.7129,55.8085594 
31286.4727,1618.29431 
31265.0703,3171.84497 
31255.5312,4725.11426 
31258.6484,6276.94775 
31274.9570,7842.39648 
31280.8301,9408.20898 
31280.1445,10971.9131 
31283.5332,12514.4941 
31301.2012,14047.1934 
31325.9980,15608.4854 
31339.2324,17152.1699 
31349.5977,18709.9316 
31342.0352,20287.1309 
31327.7695,21871.2578 
31342.1992,23420.4629 
31354.8047,24983.3047 
31327.5430,26580.5840 
31294.8145,28170.9961 
31278.4473,29759.5723 
31259.4863,31316.8555 
31254.4805,32876.8438 
31247.2930,34458.7695 
31223.3223,36003.7852 
31208.4785,37552.4727 
31195.6484,39091.2852 
31188.5293,40625.2891 
31190.4941,42170.1836 
31190.5352,43721.1523 
31196.4883,45287.5586 
31203.2773,46877.0898 
31194.6895,48450.7930 
32833.1484,44.8614273 
32819.6484,1599.21973 
32816.4922,3164.82935 
32819.8438,4725.05371 
32817.6875,6283.88574 
32817.7656,7850.63867 
32820.8828,9408.60449 
32828.4492,10977.0986 
32836.5195,12525.6533 
32855.6484,14076.3057 
32884.2148,15631.9990 
32904.4375,17164.8477 
32916.0508,18717.8594 
32925.7148,20279.6660 
32922.8516,21861.5332 
32910.8828,23429.8984 
32908.5156,24979.1133 
32900.1250,26549.6777 
32887.4297,28151.9043 
32873.6016,29742.9863 
32852.9102,31300.8672 
32833.8984,32867.7305 
32807.6133,34430.2461 
32785.9766,35985.7617 
32784.7148,37549.2812 
32783.3164,39086.0352 
32778.5078,40626.4961 
32781.7148,42173.4648 
32788.3242,43723.3906 
32783.5000,45290.0078 
32772.2617,46869.7891 
32761.3281,48439.0352 
34418.5898,20.8180351 
34405.4648,1596.29224 
34404.4805,3168.23682 
34395.4766,4718.32373 
34371.0898,6266.80664 
34345.4961,7842.51758 
34337.9766,9414.25488 
34340.2031,10983.4980 
34344.5078,12536.5605 
34366.8086,14102.8564 
34394.2422,15658.0430 
34420.5781,17184.5469 
34441.9805,18730.9590 
34457.6836,20291.3750 
34461.2734,21852.1387 
34452.1602,23418.6699 
34450.9492,24980.5840 
34463.6797,26557.0469 
34478.0312,28150.4219 
34464.1133,29718.9883 
34434.4883,31274.6582 
34413.2539,32846.4375 
34401.6133,34411.7383 
34393.2617,35980.1523 
34385.5703,37547.6289 
34375.6445,39074.2461 
34362.2500,40620.1055 
34370.2188,42188.5117 
34381.3164,43723.1172 
34369.1875,45274.2344 
34362.6875,46861.4688 
34357.5664,48431.2344 
36001.4180,6.73667908 
35993.0000,1588.37817 
35979.5703,3156.43042 
35963.2656,4697.15234 
35944.0703,6239.03418 
35926.8945,7824.10010 
35916.9102,9408.67480 
35904.3555,10975.3271 
35895.3594,12545.8633 
35909.1758,14130.3779 
35930.8555,15683.3496 
35956.7734,17212.8809 
35985.1250,18754.8477 
36012.3086,20307.9648 
36029.4531,21852.9043 
36035.8945,23419.6035 
36041.1172,24985.5059 
36037.8320,26563.7168 
36022.9492,28144.3438 
36009.2227,29699.6309 
36008.0781,31260.5879 
36005.8281,32837.3320 
35993.8008,34400.5234 
35970.8047,35961.7812 
35952.6797,37538.7422 
35954.4453,39070.4414 
35961.6953,40619.8203 
35958.3047,42194.7539 
35943.4062,43716.1445 
35943.5469,45273.5898 
35953.9141,46865.1172 
35945.9844,48413.5234 
37552.0234,99998.9453 
37535.1172,1575.57117 
37529.3711,3150.98682 
37539.2695,4694.19482 
37548.3359,6231.86377 
37545.9297,7815.98828 
37538.7344,9401.09473 
37529.6602,10960.8936 
37518.5977,12540.0674 
37505.4492,14134.4922 
37500.4102,15699.6875 
37520.5078,17239.5469 
37544.3906,18780.2246 
37569.3164,20337.8457 
37596.6719,21869.1914 
37607.1523,23424.4512 
37613.6445,24989.2988 
37615.5469,26549.8730 
37598.9883,28122.7441 
37587.9531,29698.8672 
37588.2578,31265.2930 
37581.5547,32827.1367 
37566.8086,34381.1680 
37555.6484,35943.1758 
37550.9336,37534.2617 
37552.5977,39079.9258 
37555.0078,40620.5547 
37536.8555,42169.8750 
37513.0156,43702.3203 
37506.8945,45280.6445 
37492.9805,46858.6055 
37473.8086,48395.2695 
39134.1406,99978.1484 
39109.6016,1556.75830 
39098.1992,3154.63696 
39105.9609,4711.99756 
39126.6602,6243.32422 
39131.7266,7807.49316 
39118.3438,9390.10352 
39107.4922,10952.2568 
39097.1133,12526.6953 
39073.0703,14109.6758 
39048.3750,15697.7715 
39054.6953,17265.3711 
39076.0820,18799.9512 
39090.6445,20359.7910 
39112.4336,21891.2812 
39137.6289,23436.2852 
39156.9922,25002.8105 
39167.9453,26550.4707 
39167.1172,28111.9707 
39155.6367,29687.6797 
39140.5117,31255.6992 
39135.4570,32818.8398 
39134.3008,34375.8125 
39137.5859,35943.9375 
39138.1484,37532.1836 
39130.3984,39076.2266 
39114.9922,40608.9062 
39101.5742,42152.8086 
39095.8242,43690.6328 
39071.5508,45256.8398 
39032.4727,46827.4180 
39005.5898,48378.6328 
40705.9062,99957.1484 
40687.9375,1539.00732 
40681.4297,3150.00171 
40678.7227,4721.47021 
40688.4688,6262.39502 
40698.0977,7803.33203 
40689.4062,9377.27637 
40680.4805,10943.7842 
40668.9766,12509.4600 
40650.7305,14083.6650 
40632.4727,15680.4473 
40611.0703,17267.1641 
40599.2812,18808.4434 
40606.7500,20376.4785 
40640.2930,21926.6953 
40680.5352,23466.3086 
40703.9375,25019.1113 
40714.6211,26553.3926 
40709.5742,28102.7227 
40698.0430,29676.5410 
40708.4648,31260.5938 
40724.7695,32821.8945 
40724.0547,34375.3867 
40726.3633,35946.5508 
40719.0117,37522.4766 
40697.7266,39058.5312 
40673.1602,40586.0820 
40649.8047,42142.6836 
40634.6328,43678.2695 
40618.0898,45225.1406 
40596.3281,46796.9219 
40576.0898,48363.4141 
42272.2930,99940.1094 
42262.5547,1531.38354 
42261.7500,3148.63916 
42250.4453,4713.35791 
42237.2227,6268.69385 
42240.1289,7803.35107 
42230.5781,9362.75293 
42216.5000,10937.3584 
42217.2070,12501.5010 
42218.1562,14074.8242 
42208.3789,15660.3291 
42181.7031,17238.1855 
42163.8242,18800.3828 
42168.9258,20396.9023 
42192.9531,21966.7109 
42219.1602,23492.0078 
42232.3125,25033.8613 
42246.2031,26564.2461 
42260.1445,28097.6113 
42268.6055,29679.5293 
42281.6367,31282.9707 
42293.2695,32829.1289 
42303.5000,34380.0820 
42313.0039,35948.8164 
42297.8633,37498.2227 
42266.2539,39032.6914 
42249.2656,40565.4883 
42230.0117,42116.8828 
42205.5078,43663.9375 
42202.1484,45219.2539 
42199.8242,46780.6094 
42190.5625,48352.3477 
43831.6016,99932.6328 
43829.2852,1528.79810 
43822.0742,3139.41260 
43799.8711,4688.54688 
43781.4141,6260.76709 
43780.5117,7807.20557 
43780.8086,9348.29590 
43774.1719,10933.7188 
43781.2266,12511.6719 
43785.6758,14072.4326 
43775.5742,15642.9980 
43768.1172,17224.5840 
43772.5078,18801.7891 
43767.9883,20397.5430 
43755.4883,21979.5039 
43769.3516,23512.6426 
43789.0703,25041.5332 
43791.4688,26576.1055 
43813.1875,28124.8652 
43849.5859,29697.5312 
43855.7227,31284.3340 
43853.7148,32838.7852 
43866.3867,34393.9492 
43861.1836,35941.5508 
43840.5898,37470.3984 
43819.0469,39009.7812 
43809.5312,40559.6953 
43803.0078,42095.8203 
43783.9180,43647.1719 
43772.3789,45219.3047 
43774.4375,46781.6406 
43783.6328,48352.3320 
45380.2695,99929.0234 
45379.3086,1526.73889 
45366.7109,3122.31616 
45366.4453,4681.62988 
45376.7656,6253.90186 
45364.2344,7804.73682 
45362.8164,9349.56641 
45360.7969,10930.3564 
45350.0859,12512.9316 
45345.1641,14068.6123 
45351.3086,15641.8174 
45358.0000,17226.3770 
45352.0625,18800.2441 
45346.3008,20382.6953 
45338.2422,21971.1562 
45334.4922,23533.4082 
45351.1211,25057.9629 
45372.6289,26584.1230 
45389.5312,28154.5820 
45407.7812,29720.1504 
45415.7148,31280.5410 
45416.7812,32843.6523 
45413.3828,34390.5586 
45395.1016,35920.1953 
45378.5859,37455.0742 
45369.9258,38997.8477 
45362.6406,40555.2344 
45354.6211,42084.9531 
45346.1562,43632.9141 
45343.8789,45215.4648 
45344.2695,46786.6328 
45331.7734,48347.2422 
46932.9414,99924.1016 
46932.4648,1522.30701 
46927.6914,3114.09106 
46937.9805,4704.85791 
46943.6602,6248.93994 
46927.0195,7790.13574 
46923.9336,9350.66406 
46915.0898,10914.9824 
46901.1680,12502.1680 
46902.8203,14075.2256 
46917.9219,15657.5225 
46925.8945,17224.0625 
46924.1172,18796.0059 
46939.9023,20394.5625 
46953.2695,21963.8809 
46931.6367,23518.0527 
46921.1992,25078.3418 
46950.7461,26613.7793 
46974.6836,28167.1875 
46980.9883,29726.6074 
46978.2656,31281.1387 
46972.4844,32842.4727 
46972.3906,34384.4062 
46974.0078,35907.3750 
46962.2734,37440.9375 
46945.9844,38988.3438 
46930.1484,40542.7930 
46913.9961,42075.6758 
46914.5898,43635.5820 
46923.5312,45221.7461 
46916.0117,46772.1250 
46886.2188,48317.2695 
48517.6367,99920.2734 
48528.0742,1528.40686 
48532.3789,3112.88770 
48514.4375,4697.56592 
48480.8359,6227.71094 
48469.4453,7786.14404 
48473.8320,9352.84082 
48480.9336,10910.0283 
48483.0508,12497.7080 
48475.8516,14079.9971 
48478.4023,15667.6406 
48483.8750,17227.8164 
48496.7266,18808.4980 
48508.5391,20411.0410 
48507.5352,21961.2207 
48511.7812,23504.4688 
48521.1680,25087.7012 
48524.1953,26633.8789 
48529.1953,28181.8906 
48543.0742,29731.2246 
48541.4102,31268.8672 
48531.7305,32837.4453 
48534.8555,34392.6758 
48541.0625,35908.7266 
48536.7539,37425.6992 
48523.6406,38971.3555 
48503.7969,40521.1250 
48494.5430,42071.4492 
48500.4258,43640.7891 
48487.0664,45213.0664 
48460.7070,46747.4141 
48446.4062,48303.1758 
99991.9844,49985.0234 
99997.4609,51572.6953 
8.70660591,53135.7930 
14.3134832,54678.1133 
8.03517723,56212.5625 
99988.1406,57789.4961 
99971.9531,59368.1523 
99978.9141,60958.8438 
99992.6016,62563.2109 
99990.8594,64153.9688 
99979.1016,65748.6953 
99965.6562,67299.2109 
99952.2734,68793.3594 
99933.7500,70308.3359 
99932.0391,71841.8594 
99933.9141,73374.9688 
99910.9688,74909.0078 
99893.0625,76435.4922 
99898.2500,78003.2969 
99899.1406,79557.2969 
99902.0703,81139.4922 
99908.3906,82721.9297 
99904.8750,84279.2656 
99907.0938,85853.2266 
99915.1953,87426.2578 
99918.5547,88985.5156 
99921.9297,90556.7344 
99927.1797,92149.6328 
99923.5312,93712.6094 
99913.4375,95258.4531 
99907.8438,96820.2812 
99901.2969,98402.1953 
1555.54016,49985.2383 
1555.21204,51575.9844 
1551.12646,53138.3867 
1553.32361,54681.6289 
1557.73621,56208.3594 
1559.54602,57783.2578 
1566.89514,59370.4102 
1571.53772,60967.9336 
1563.28394,62560.3867 
1544.63342,64138.2109 
1516.08472,65721.8672 
1486.30566,67279.8281 
1480.90222,68784.1172 
1476.75549,70297.5781 
1460.69470,71842.7734 
1449.19788,73361.2500 
1435.62415,74885.1797 
1441.19202,76443.9453 
1458.67822,78014.4375 
1461.04602,79556.7188 
1458.63672,81140.9844 
1449.69763,82715.5156 
1442.46924,84274.3828 
1445.95239,85860.9453 
1460.05859,87441.6016 
1476.46191,88996.8438 
1487.46582,90564.6875 
1497.72241,92155.8281 
1504.72302,93707.2500 
1499.24731,95250.4453 
1488.81018,96810.7578 
1471.09314,98383.5391 
3139.78174,49988.2109 
3138.78027,51570.3750 
3132.11768,53135.4336 
3136.68750,54689.2266 
3137.68311,56206.9922 
3131.09399,57784.7500 
3132.61304,59377.9688 
3131.54492,60960.2422 
3113.65820,62538.5508 
3088.26025,64112.5664 
3058.47534,65689.3516 
3034.29614,67265.4219 
3029.72461,68790.5000 
3024.03076,70279.8438 
2999.71777,71818.5391 
2989.64648,73357.0625 
3004.19360,74895.2891 
3026.57593,76465.4688 
3035.42749,78016.9922 
3026.59814,79549.8672 
3015.11401,81131.0391 
3004.59497,82706.2422 
3009.07471,84281.5547 
3030.80176,85878.1016 
3047.08398,87453.1719 
3048.48413,89004.6250 
3059.06079,90576.1797 
3071.11230,92167.3594 
3079.65527,93712.0547 
3077.78296,95239.3281 
3065.27539,96798.1719 
3057.94727,98369.7812 
4712.38330,49997.8398 
4718.39990,51565.2266 
4718.26904,53135.4844 
4714.10498,54688.3789 
4705.76025,56200.8008 
4704.94336,57781.1641 
4704.00000,59379.2344 
4702.14990,60953.9766 
4693.71143,62520.0117 
4670.08008,64083.0000 
4638.72803,65660.2656 
4613.99268,67243.4844 
4582.84424,68775.5859 
4569.35156,70272.0000 
4576.02539,71810.9609 
4582.22754,73365.1016 
4589.13477,74909.4219 
4589.83105,76475.4062 
4591.60205,78016.4375 
4593.69971,79542.4219 
4592.84229,81123.6641 
4595.55566,82706.4766 
4602.04785,84294.2656 
4609.85303,85896.6641 
4615.10596,87456.3281 
4619.89502,89011.0469 
4634.37402,90592.7969 
4641.48486,92172.2891 
4645.45361,93718.8984 
4654.56445,95236.3359 
4655.74658,96792.4766 
4652.33398,98365.8516 
6287.35254,50017.2227 
6300.64551,51568.6328 
6300.65088,53133.2852 
6288.82764,54675.5078 
6283.31348,56201.1211 
6286.29102,57782.3633 
6279.42432,59374.5742 
6271.28955,60948.0625 
6258.94141,62504.7930 
6240.04150,64053.9609 
6217.19434,65636.9062 
6197.61719,67218.4609 
6173.13916,68747.7266 
6166.85791,70278.2109 
6172.46777,71816.4297 
6167.90820,73368.2188 
6175.16455,74912.8828 
6178.15039,76470.7969 
6175.95605,78021.1953 
6188.68701,79551.7578 
6202.62744,81128.7891 
6204.55664,82711.3984 
6208.08154,84299.2422 
6212.82568,85898.7500 
6220.00439,87463.0938 
6232.80469,89020.1172 
6227.07812,90593.5469 
6218.79980,92172.8047 
6224.04932,93728.3047 
6229.40625,95243.7891 
6225.05811,96787.3125 
6215.22949,98359.3906 
7854.31201,50035.8438 
7865.20947,51574.8867 
7863.45605,53123.6133 
7848.79590,54661.6445 
7837.33398,56199.8398 
7826.90479,57773.4297 
7813.29932,59364.0820 
7804.47461,60938.1055 
7796.95215,62494.3320 
7799.87109,64044.2539 
7793.08838,65616.5078 
7768.74365,67195.6719 
7750.06738,68733.0000 
7740.87891,70280.0234 
7733.56738,71808.4219 
7727.56445,73368.0234 
7741.46582,74931.7266 
7759.75439,76473.4453 
7764.71777,78026.0703 
7780.94580,79573.6719 
7795.32910,81133.2031 
7786.05811,82703.9609 
7784.31348,84307.2656 
7794.96631,85907.6641 
7807.49023,87480.2656 
7823.26123,89026.7734 
7823.42432,90579.5312 
7818.88379,92171.9531 
7813.67676,93727.4766 
7799.00537,95234.2188 
7784.42480,96775.9609 
7785.81006,98360.4219 
9413.64062,50036.1484 
9402.85742,51576.3203 
9398.79395,53117.8750 
9395.18750,54648.6055 
9386.29395,56187.9062 
9374.11328,57759.4180 
9360.06348,59352.9492 
9352.52539,60932.5000 
9358.82129,62500.6836 
9377.96680,64057.6914 
9385.88086,65603.4062 
9369.20703,67172.7031 
9344.73730,68713.2031 
9314.90039,70262.8828 
9307.22168,71808.1250 
9323.86328,73375.2266 
9331.88867,74947.1406 
9343.92969,76487.4844 
9361.55371,78037.6250 
9374.01855,79589.0078 
9374.32617,81131.0781 
9375.25391,82700.4141 
9384.08398,84313.7188 
9380.84766,85909.8750 
9375.48145,87487.4375 
9375.42676,89035.7578 
9382.43652,90583.7188 
9380.95020,92164.4297 
9361.52832,93711.5312 
9352.39453,95222.4297 
9355.89551,96775.5859 
9364.32227,98370.7500 
10975.0684,50021.8477 
10964.3389,51561.6367 
10948.0195,53112.0586 
10947.0410,54651.3203 
10955.3779,56184.6055 
10950.0928,57745.1875 
10935.3740,59339.8203 
10932.7168,60936.0547 
10944.1992,62517.0273 
10958.4346,64075.3359 
10967.1143,65599.7734 
10947.9951,67145.0781 
10910.6172,68679.4062 
10883.4922,70239.6172 
10885.4355,71827.0234 
10910.2559,73394.1328 
10916.1221,74948.3828 
10923.1562,76505.3438 
10942.2656,78055.7812 
10954.1074,79593.4141 
10956.3965,81128.8594 
10963.5625,82714.2812 
10972.3359,84314.3125 
10959.9482,85896.9688 
10953.0596,87482.8672 
10945.7520,89029.7578 
10935.7236,90584.1875 
10925.4092,92147.6562 
10910.4170,93697.8750 
10915.6318,95232.1875 
10929.7188,96784.8125 
10929.0508,98371.3594 
12507.3389,50023.1133 
12508.1934,51554.1484 
12508.4502,53102.7305 
12507.0928,54656.1289 
12511.1055,56191.0820 
12515.5947,57737.8828 
12512.9775,59331.6875 
12505.8984,60937.1172 
12501.9805,62523.4844 
12507.9111,64087.5430 
12521.6592,65602.6641 
12513.5898,67112.7266 
12487.3477,68651.9766 
12481.4062,70232.6875 
12475.0879,71833.1328 
12462.0762,73399.9922 
12459.0117,74949.6797 
12469.0459,76518.6562 
12474.4062,78065.9844 
12485.3242,79606.7500 
12503.7598,81134.6250 
12506.7705,82720.9219 
12508.7500,84313.1094 
12508.9727,85888.7031 
12508.3604,87482.2734 
12503.4062,89019.2266 
12495.3555,90575.6406 
12488.1289,92137.1797 
12487.1660,93695.9766 
12490.1797,95241.1406 
12485.5420,96784.4766 
12477.1836,98366.8203 
14066.1094,50008.9648 
14049.4180,51555.1172 
14060.6816,53112.1797 
14062.6074,54651.7812 
14055.6006,56195.0234 
14065.8008,57747.0391 
14079.7266,59330.4609 
14078.5205,60926.9414 
14072.9229,62522.6953 
14071.6738,64096.0469 
14071.2812,65610.4375 
14068.2568,67096.8750 
14058.0879,68640.4766 
14054.7119,70231.5469 
14038.5635,71807.7812 
14007.0889,73380.1250 
14003.9053,74959.9922 
14019.5918,76529.3672 
14027.6465,78069.4688 
14044.2715,79629.8359 
14067.0420,81149.6094 
14075.2129,82718.7578 
14070.2627,84314.1719 
14070.3320,85891.4688 
14068.0713,87476.8203 
14058.0312,89012.4453 
14054.9277,90569.9141 
14050.3789,92134.0156 
14060.3105,93706.0859 
14069.9375,95237.7891 
14065.7305,96776.0625 
14070.6777,98367.4766 
15615.2314,49996.2305 
15619.2070,51555.6250 
15624.1787,53119.3984 
15618.6455,54640.4453 
15613.3291,56194.5898 
15622.8379,57766.8906 
15649.6494,59351.5938 
15672.5459,60929.3633 
15664.6641,62510.2188 
15630.1973,64075.6367 
15600.4004,65600.2656 
15600.7373,67098.0312 
15613.8057,68638.6719 
15612.8652,70225.5312 
15602.8311,71785.4219 
15589.2578,73363.3125 
15583.7412,74967.5547 
15581.4102,76537.7969 
15593.6895,78086.6406 
15609.0645,79645.3828 
15611.3701,81164.7891 
15632.8359,82727.8984 
15642.5576,84306.7734 
15637.2529,85890.1172 
15626.8135,87463.8125 
15610.2471,89004.6406 
15608.4844,90569.5156 
15610.5713,92136.3359 
15619.6416,93723.6953 
15631.8271,95244.0625 
15652.7598,96791.4453 
15684.7969,98384.2109 
17162.6426,50012.7227 
17183.9492,51567.3086 
17192.7598,53121.7617 
17206.1934,54645.2695 
17224.5840,56200.8867 
17229.9453,57776.5156 
17228.7129,59371.5820 
17233.7734,60938.3828 
17225.2305,62481.6758 
17192.2715,64035.1875 
17171.1113,65588.1250 
17181.3242,67119.9375 
17207.7852,68654.6094 
17215.0957,70219.9531 
17207.1152,71776.3984 
17198.1855,73354.8438 
17187.9883,74956.2578 
17168.6719,76527.9688 
17159.2852,78099.9531 
17156.5703,79640.2969 
17154.5547,81174.2500 
17183.6602,82761.4688 
17206.6699,84312.7500 
17205.9844,85883.4062 
17195.5039,87446.4766 
17188.5020,88996.4922 
17188.1992,90571.4453 
17188.8320,92137.8984 
17183.8027,93725.5625 
17188.9434,95261.7969 
17225.9492,96829.7734 
17255.7148,98408.2578 
18737.2637,50041.1445 
18763.4023,51582.5898 
18773.5586,53130.6406 
18785.8281,54667.9180 
18806.2070,56219.2266 
18821.9258,57775.6016 
18814.3906,59358.6992 
18797.1250,60934.3945 
18787.1719,62466.1328 
18778.9277,64017.2266 
18781.9180,65588.8516 
18791.4199,67138.0078 
18805.5312,68672.4219 
18808.7090,70214.7344 
18792.1074,71760.9766 
18775.1230,73344.8203 
18772.2051,74948.2891 
18765.1680,76507.1328 
18739.8594,78083.9844 
18722.9375,79636.5234 
18736.7051,81195.0625 
18750.9121,82780.8594 
18743.2832,84311.1250 
18739.2012,85878.9219 
18745.9316,87448.6016 
18757.6582,89001.8438 
18760.5957,90571.9688 
18767.0801,92140.1406 
18772.0527,93720.7812 
18782.0352,95287.4531 
18811.4844,96865.7344 
18821.3848,98412.4922 
20288.8184,50064.9727 
20310.5625,51604.8672 
20327.9863,53137.4219 
20331.5430,54676.1523 
20338.4688,56237.1172 
20354.6211,57789.7500 
20361.5059,59347.4297 
20347.9648,60916.8789 
20334.2910,62457.6836 
20340.4863,64023.9102 
20354.9629,65600.0234 
20361.5918,67146.4141 
20362.6230,68677.4453 
20352.1875,70201.3438 
20338.1562,71744.0625 
20339.4883,73342.3047 
20346.6660,74953.0156 
20349.5625,76498.2188 
20340.7305,78059.1172 
20322.9102,79628.5156 
20309.0234,81200.8125 
20290.8457,82770.4062 
20289.8730,84311.7344 
20312.0371,85890.3281 
20315.9297,87452.5312 
20305.6328,89001.7891 
20307.2129,90577.7422 
20325.3438,92157.7891 
20345.1875,93729.9297 
20354.3125,95300.3750 
20351.7695,96874.9141 
20347.9805,98409.0781 
21856.1953,50066.8477 
21856.1211,51622.0000 
21860.3164,53145.0117 
21864.5566,54680.3281 
21871.3398,56244.8789 
21872.2520,57796.8516 
21871.2383,59344.9688 
21867.8984,60904.9531 
21870.8223,62461.8555 
21888.1895,64040.9492 
21896.7539,65605.3828 
21893.9102,67144.2344 
21888.0117,68670.8672 
21889.2773,70193.3516 
21898.0547,71747.2266 
21904.5137,73351.8984 
21904.0742,74953.9609 
21896.7773,76495.5312 
21886.5840,78049.2500 
21877.3164,79613.6562 
21863.6289,81177.6172 
21846.4648,82756.3359 
21849.1699,84331.5312 
21858.1289,85902.5312 
21854.3906,87441.5703 
21860.5371,89002.9844 
21878.4727,90592.5859 
21889.7031,92174.9062 
21902.3379,93746.6875 
21911.6914,95300.4844 
21904.6797,96865.0938 
21903.1055,98411.6016 
23403.8398,50063.1094 
23396.6016,51616.1445 
23389.9004,53142.7070 
23393.4785,54687.9102 
23400.5273,56248.5781 
23400.7852,57794.4531 
23401.2832,59345.3125 
23403.4277,60906.3984 
23412.5234,62476.1641 
23425.4336,64054.1250 
23433.6855,65609.0703 
23441.4180,67142.9297 
23447.3008,68675.9609 
23475.0547,70218.0156 
23499.4707,71753.3438 
23487.9082,73342.2188 
23475.8242,74946.9844 
23464.8164,76478.9453 
23440.9922,78030.3828 
23424.6777,79607.5625 
23422.1719,81172.0391 
23425.2012,82753.3203 
23421.9473,84329.1562 
23407.3145,85895.6094 
23412.5430,87453.6797 
23440.1699,89027.2891 
23453.0059,90602.7031 
23456.3555,92179.8281 
23455.2676,93752.1875 
23446.4473,95297.2500 
23441.4922,96860.9766 
23449.2578,98422.7109 
24914.8203,50059.4102 
24915.2324,51615.2734 
24925.0996,53148.4414 
24938.3125,54698.2227 
24949.0527,56254.0742 
24957.9316,57796.9102 
24958.1484,59344.4102 
24955.2676,60909.4727 
24960.2695,62486.6953 
24964.9062,64061.1172 
24973.4941,65621.2422 
24992.8613,67155.6797 
25013.1797,68692.5625 
25031.9121,70248.8828 
25047.8887,71761.2656 
25056.7988,73332.8516 
25056.6113,74942.1094 
25054.5781,76469.1641 
25058.0156,78016.9844 
25051.5371,79594.0859 
25034.4629,81166.1953 
25028.6738,82755.7500 
25021.7500,84316.5547 
25000.7852,85881.5312 
24990.7129,87469.5078 
25001.5449,89043.7969 
25008.9707,90605.8281 
25013.0312,92182.0625 
25000.5039,93735.5781 
24988.9141,95291.6094 
24998.7246,96864.0859 
25005.7930,98440.7812 
26473.4785,50048.9688 
26460.5957,51616.4844 
26459.5664,53158.8320 
26467.2578,54710.3242 
26483.4844,56270.6133 
26500.5234,57804.9453 
26497.2422,59337.0547 
26492.2188,60909.7695 
26493.0527,62488.0781 
26494.7773,64065.5273 
26509.3672,65638.3984 
26529.6035,67181.8984 
26556.5449,68715.2344 
26571.0898,70256.8203 
26582.1621,71778.3359 
26607.6992,73347.8203 
26617.1211,74940.5000 
26623.5762,76478.4766 
26640.5918,78028.7266 
26648.4512,79586.0000 
26647.6074,81156.2578 
26639.1953,82747.3281 
26618.1855,84294.7109 
26589.1895,85851.5703 
26560.3242,87460.0391 
26558.1816,89056.3594 
26569.5078,90612.9375 
26571.5137,92179.0312 
26568.8789,93722.7422 
26573.8262,95303.4922 
26585.4805,96874.4688 
26586.5039,98445.0938 
28032.2188,50030.6289 
28017.0254,51603.8984 
28009.3711,53158.7031 
28010.6523,54718.8477 
28019.5371,56287.7031 
28025.1270,57808.1875 
28019.3809,59327.7930 
28018.0391,60912.7930 
28028.2637,62493.4727 
28045.4766,64080.4023 
28058.9570,65650.7812 
28054.2773,67190.6641 
28061.0059,68737.8281 
28087.0215,70274.3828 
28120.0859,71807.2656 
28151.1543,73369.8984 
28164.9512,74946.5078 
28173.6543,76491.5938 
28182.4766,78040.7578 
28195.2109,79595.6953 
28203.3750,81155.0234 
28187.1816,82726.8203 
28171.2891,84277.8047 
28170.1270,85832.5938 
28159.2949,87440.8672 
28143.5645,89056.6875 
28135.8516,90615.5703 
28139.5391,92184.2500 
28153.1172,93729.9453 
28154.0664,95301.7891 
28136.9961,96869.5000 
28133.2773,98447.0547 
29596.4375,50020.4023 
29590.4316,51595.3281 
29584.5957,53154.9180 
29585.6113,54722.4336 
29583.8516,56288.4570 
29574.4863,57805.8242 
29579.4961,59328.5156 
29587.4570,60918.6680 
29597.2031,62510.6211 
29610.8477,64095.2773 
29610.3672,65647.4453 
29611.6758,67188.8828 
29628.6777,68757.8750 
29650.8516,70304.5547 
29675.3691,71840.3672 
29699.3555,73392.2344 
29714.8125,74954.2578 
29714.0254,76492.6016 
29710.4043,78047.0312 
29716.2383,79608.7266 
29722.0723,81151.1797 
29719.6836,82711.4844 
29720.4023,84278.9062 
29720.9453,85833.3281 
29715.2090,87428.2109 
29700.8691,89038.1328 
29687.3418,90609.8906 
29685.1250,92190.6406 
29687.2969,93741.7891 
29702.6895,95299.7891 
29709.7969,96859.8203 
29712.5566,98453.5859 
31183.0586,50012.2891 
31174.0234,51587.7305 
31170.0410,53155.0156 
31177.0703,54727.9453 
31170.7891,56272.4492 
31153.8691,57799.5156 
31168.0840,59348.4570 
31190.9531,60926.5273 
31190.2559,62515.2500 
31185.2285,64097.0391 
31187.7090,65649.5859 
31204.9434,67208.7500 
31221.7129,68774.3438 
31224.9355,70316.0625 
31229.3418,71855.1562 
31239.3789,73410.7031 
31252.8887,74963.4219 
31258.4277,76488.3984 
31260.2422,78045.5078 
31262.8105,79614.2188 
31276.9102,81162.1719 
31292.1348,82718.4609 
31298.1621,84281.3281 
31299.2500,85827.7344 
31299.7617,87423.9766 
31301.9805,89029.5312 
31303.0586,90606.7266 
31293.2109,92179.8203 
31274.1758,93743.3906 
31280.9023,95322.0469 
31295.3672,96868.0078 
31301.9277,98460.2344 
32757.0840,50006.4062 
32753.9512,51580.7852 
32748.3145,53153.7812 
32737.0098,54725.5898 
32733.8711,56266.0469 
32757.0430,57809.6172 
32784.9180,59377.6406 
32802.0312,60936.7031 
32793.7539,62499.9922 
32776.2773,64091.1875 
32775.1562,65659.2578 
32782.5820,67223.8203 
32786.2422,68775.6406 
32781.5508,70313.9766 
32781.9062,71859.4375 
32784.3711,73417.0547 
32783.7266,74970.2656 
32793.4727,76499.8828 
32816.8984,78058.2422 
32838.7227,79629.1797 
32861.9844,81182.8438 
32873.2305,82722.2969 
32873.2969,84287.1328 
32890.9961,85841.3750 
32912.6680,87433.5000 
32923.0742,89036.4609 
32927.1602,90603.7891 
32906.3633,92152.3281 
32875.6367,93724.6328 
32859.4180,95324.2734 
32856.1328,96871.0781 
32850.9297,98458.0391 
34339.8906,49998.3789 
34323.0938,51575.5977 
34318.1680,53144.7852 
34305.4727,54708.6875 
34307.6172,56289.1641 
34346.9570,57849.4883 
34367.7500,59389.6016 
34363.6523,60936.2773 
34361.9102,62487.6953 
34358.6797,64080.9258 
34346.2773,65653.5234 
34330.1484,67223.3594 
34327.9336,68776.5312 
34335.0000,70314.3828 
34346.6836,71866.4297 
34351.0820,73413.9922 
34343.9336,74969.0078 
34358.6562,76524.1562 
34392.2227,78086.8750 
34414.8477,79649.2266 
34429.6680,81203.6797 
34449.7617,82730.4766 
34458.2852,84291.0859 
34466.8242,85865.6016 
34486.9023,87448.2031 
34488.0273,89040.1172 
34487.2930,90599.4844 
34478.0469,92124.8203 
34459.3633,93702.5391 
34442.0742,95312.8359 
34439.8984,96875.4844 
34441.7227,98441.1328 
35913.2109,49963.2109 
35873.6328,51555.2539 
35857.0508,53141.7969 
35856.9062,54702.3711 
35857.0469,56302.3164 
35860.6484,57875.5078 
35878.8242,59397.9609 
35894.0742,60937.6016 
35906.4141,62496.9570 
35917.3828,64079.4727 
35903.6484,65629.3047 
35874.0664,67203.0000 
35866.1602,68784.5234 
35890.1406,70336.0312 
35915.4414,71882.1719 
35923.7734,73409.8672 
35928.0508,74973.0703 
35950.5469,76555.9141 
35977.6758,78116.3672 
35995.7969,79661.4922 
36000.4688,81213.3047 
36009.1484,82750.3047 
36025.7812,84296.6719 
36037.1055,85880.8125 
36048.5586,87455.3906 
36035.5859,89026.6016 
36020.5703,90599.3984 
36025.0156,92121.4453 
36033.8555,93693.3906 
36028.1719,95296.2969 
36010.1133,96875.5547 
36003.6484,98437.4609 
37457.7852,49931.1953 
37436.7461,51525.0586 
37413.5000,53129.4727 
37407.6250,54707.3008 
37410.4023,56294.6758 
37389.9414,57871.0352 
37387.2773,59421.7109 
37411.9922,60958.0820 
37436.4609,62513.2031 
37440.6172,64076.1211 
37426.7969,65607.9062 
37420.0469,67187.5781 
37424.8320,68796.9141 
37439.7969,70361.0469 
37453.1133,71898.5391 
37478.3984,73428.2578 
37517.8750,74998.1250 
37541.6719,76574.3203 
37540.5898,78124.6016 
37542.3125,79672.3750 
37552.7109,81214.9609 
37553.8906,82759.5703 
37564.7773,84314.9922 
37583.8281,85894.7500 
37591.8242,87455.5391 
37585.6172,89004.3125 
37563.4844,90587.0234 
37564.9570,92139.3594 
37599.9492,93716.1406 
37617.6875,95287.3828 
37596.8359,96848.6875 
37568.0000,98425.7109 
38997.6680,49923.6250 
38994.8555,51510.1484 
38976.7227,53108.7227 
38963.9336,54710.3516 
38963.6094,56287.8008 
38949.0625,57843.9648 
38928.3867,59421.5000 
38935.7500,60986.3281 
38959.5117,62530.4961 
38956.8047,64063.7539 
38954.7383,65607.9844 
38974.6133,67199.0156 
38985.0078,68804.3281 
38986.2188,70367.1328 
38990.2148,71911.3203 
39009.6016,73466.5859 
39039.9961,75033.4609 
39059.6133,76584.8438 
39077.1719,78126.0156 
39094.9258,79684.7734 
39111.7266,81225.6484 
39113.3398,82754.7109 
39108.3828,84327.5156 
39123.9023,85911.3516 
39141.3047,87465.7422 
39156.0000,88999.3125 
39150.7891,90570.9844 
39159.0938,92165.8906 
39182.3047,93741.5625 
39172.5586,95277.6094 
39156.1719,96825.9453 
39148.5820,98409.1562 
40572.2383,49924.7695 
40565.2656,51497.7344 
40548.0938,53090.8477 
40538.5859,54701.7148 
40524.2695,56281.7930 
40525.9844,57838.5703 
40529.6211,59412.8125 
40521.9883,60996.6133 
40519.2109,62535.2422 
40521.1836,64060.5273 
40539.7852,65628.5156 
40561.4453,67216.5078 
40566.0352,68803.9141 
40563.9805,70368.4609 
40567.1016,71916.9062 
40568.9766,73479.4609 
40569.5938,75045.2266 
40576.2109,76603.5625 
40606.8086,78160.3359 
40639.3594,79705.8047 
40654.3125,81238.3984 
40669.0234,82754.0938 
40678.8281,84333.8984 
40687.7422,85927.1094 
40694.2383,87481.2734 
40712.4023,89014.3984 
40732.9297,90574.4844 
40744.4844,92184.5938 
40742.0078,93735.6250 
40727.7695,95257.9531 
40724.7578,96822.5312 
40721.0039,98403.5469 
42182.9219,49919.6133 
42160.8633,51475.0000 
42137.8086,53081.1680 
42128.8047,54690.7070 
42113.0391,56267.3242 
42106.8047,57847.5234 
42106.7812,59406.2422 
42091.0469,60981.3828 
42083.1719,62536.3828 
42101.7148,64081.1406 
42127.6602,65653.1328 
42147.0781,67230.4844 
42158.6406,68803.9141 
42158.2773,70367.0781 
42158.3867,71919.4609 
42153.4375,73474.7656 
42143.1250,75043.2891 
42148.1562,76617.1250 
42163.4492,78188.8906 
42180.5586,79723.9453 
42198.8516,81256.6484 
42223.7266,82776.2500 
42234.4062,84338.9609 
42224.2422,85922.8281 
42220.5469,87487.4766 
42243.0664,89046.4844 
42279.9531,90597.1016 
42283.5273,92177.8203 
42264.7930,93724.4297 
42272.7070,95265.2969 
42286.9766,96824.0625 
42283.1289,98391.9141 
43778.0938,49904.5820 
43761.6797,51447.8125 
43737.3242,53056.9766 
43710.2188,54675.9180 
43700.0312,56256.0586 
43690.1367,57842.8359 
43683.0547,59400.5273 
43677.6719,60969.5586 
43676.3828,62543.8984 
43690.7383,64103.5938 
43708.0156,65672.7188 
43725.1289,67249.0156 
43742.9609,68815.8594 
43759.6367,70371.0781 
43764.8008,71917.6328 
43752.4102,73456.4531 
43733.7031,75034.8516 
43732.4766,76627.3125 
43734.1836,78197.6875 
43740.4570,79740.5078 
43754.1133,81275.7422 
43761.3164,82788.9766 
43758.5078,84329.6484 
43752.5820,85916.9609 
43763.6367,87499.8594 
43778.2109,89075.2422 
43800.2031,90622.2578 
43811.4180,92164.9453 
43808.6328,93719.5625 
43816.9023,95282.2188 
43825.5859,96831.4766 
43832.8008,98390.8750 
45311.0781,49891.7969 
45312.2148,51446.5742 
45321.4219,53039.0117 
45312.8906,54659.8516 
45302.2422,56247.1680 
45282.7305,57824.9922 
45261.7969,59390.5156 
45243.3867,60959.4961 
45240.5664,62553.8203 
45263.8359,64124.4414 
45284.4688,65688.6641 
45296.3828,67262.1328 
45313.0234,68837.7734 
45336.4531,70388.0625 
45339.8477,71914.0781 
45339.0625,73447.8672 
45347.0977,75030.6719 
45350.9609,76625.4688 
45344.2891,78190.2344 
45330.3555,79739.8438 
45309.8320,81270.3516 
45295.8320,82789.2422 
45300.5625,84329.7500 
45305.4961,85922.5859 
45311.5117,87510.9141 
45318.6406,89085.5156 
45335.3359,90644.0625 
45358.4883,92178.0391 
45384.6172,93733.8594 
45399.6172,95286.5625 
45393.4727,96832.8672 
45387.2422,98391.1484 
46869.6094,49880.0039 
46869.4805,51457.9375 
46874.8945,53045.8633 
46872.0156,54650.5508 
46858.8477,56232.5078 
46848.8281,57806.2070 
46837.3555,59370.6172 
46819.4492,60940.6953 
46811.6758,62565.1328 
46820.4922,64145.7461 
46826.5781,65699.7891 
46837.9531,67276.6641 
46859.1328,68860.8516 
46873.5508,70398.0781 
46877.1289,71911.1328 
46888.0352,73461.2031 
46908.3242,75048.6719 
46930.2734,76636.8594 
46940.7812,78182.7891 
46921.7266,79713.6875 
46895.4414,81243.5859 
46876.8242,82779.9922 
46866.0352,84332.9766 
46866.3711,85924.3281 
46866.0586,87514.8828 
46873.6914,89099.8359 
46891.8984,90666.0234 
46915.8945,92205.5234 
46947.0898,93764.0469 
46967.1055,95290.7656 
46968.1484,96821.2578 
46950.8125,98374.4766 
48452.3789,49883.3711 
48451.2227,51453.2969 
48440.6719,53040.6953 
48428.4414,54636.9844 
48419.4766,56226.3242 
48423.3594,57806.3047 
48424.7500,59363.8555 
48425.2500,60931.5547 
48418.2148,62557.4258 
48400.5234,64140.1133 
48394.3945,65702.4297 
48402.6367,67292.6016 
48410.4609,68874.8438 
48418.3672,70409.5703 
48444.7578,71931.7578 
48477.4805,73482.2422 
48490.7500,75060.7188 
48483.4258,76645.3125 
48471.4375,78174.4609 
48457.9102,79693.5547 
48455.2266,81236.1250 
48449.6523,82762.3750 
48435.9141,84326.0078 
48437.8281,85926.0781 
48431.0742,87509.5234 
48425.0352,89107.0547 
48431.0000,90682.5000 
48451.0508,92233.4453 
48469.5469,93783.7031 
48479.9609,95307.0391 
48508.6680,96831.3203 
48520.6328,98356.6875 
50091.9180,99938.6797 
50106.4570,1535.02771 
50095.3438,3100.82568 
50074.2461,4663.90283 
50053.8984,6206.76025 
50046.6680,7784.76953 
50041.2969,9357.13672 
50053.8008,10924.4062 
50055.2031,12486.6143 
50042.9844,14073.6650 
50048.3906,15674.2334 
50056.0078,17235.6367 
50067.5117,18822.8008 
50066.9336,20403.9824 
50053.2188,21959.2656 
50064.4766,23525.4551 
50074.0586,25090.1777 
50059.3906,26620.6172 
50045.7500,28183.1680 
50047.7500,29744.0078 
50066.5664,31273.4160 
50079.8750,32838.7461 
50076.8359,34392.0898 
50068.4688,35906.6133 
50066.9648,37421.4102 
50062.5156,38958.9688 
50055.6719,40510.6250 
50060.8516,42080.2578 
50064.0898,43636.5391 
50047.8438,45185.0742 
50029.5312,46728.4531 
50020.2852,48300.2969 
51629.1250,99967.9453 
51632.3047,1525.86108 
51619.2500,3087.39062 
51615.5703,4653.22070 
51610.5820,6198.21436 
51601.1758,7774.85693 
51599.2305,9359.74316 
51606.3555,10934.9951 
51612.2930,12483.1553 
51625.6289,14079.1250 
51630.7734,15680.8652 
51635.3984,17245.6758 
51642.0469,18828.9590 
51633.4180,20389.6973 
51622.0352,21952.8887 
51618.0391,23530.8535 
51604.8242,25077.3867 
51600.5039,26614.8262 
51608.4219,28177.3086 
51601.4219,29749.4023 
51606.3008,31293.0098 
51608.2695,32838.2852 
51595.6758,34380.0312 
51589.1445,35904.5195 
51598.2500,37425.4219 
51602.2891,38953.4492 
51602.9727,40512.2930 
51601.3203,42080.0859 
51591.5312,43631.1406 
51596.8867,45179.9258 
51600.3945,46720.6172 
51585.9258,48283.6016 
53159.5586,99976.7812 
53157.5820,1518.40149 
53154.5234,3081.37988 
53150.8125,4651.16846 
53154.3320,6194.95850 
53164.5039,7776.38330 
53175.2031,9367.29883 
53178.5547,10938.5234 
53189.9297,12501.0479 
53207.0078,14089.6738 
53199.7031,15672.7373 
53186.1602,17245.1309 
53167.5703,18818.4180 
53160.0898,20383.2676 
53169.4141,21952.0684 
53167.8633,23523.0605 
53159.1602,25066.3047 
53159.7148,26627.1758 
53162.0312,28175.2012 
53140.6250,29732.7793 
53121.9375,31290.2949 
53116.2812,32829.0234 
53105.0664,34365.9453 
53091.6992,35905.9570 
53101.1680,37442.2773 
53119.8125,38960.4727 
53135.0195,40520.0859 
53142.3242,42071.3945 
53135.8242,43627.5859 
53137.5430,45191.0938 
53142.6992,46718.1602 
53142.3906,48267.3281 
54696.8281,99970.5938 
54694.2383,1519.62488 
54695.8086,3079.75757 
54703.2070,4657.70117 
54723.1094,6214.38379 
54742.9453,7790.74121 
54743.0586,9368.18750 
54740.9414,10943.2402 
54754.6484,12518.4707 
54766.0234,14092.7188 
54762.8594,15658.9863 
54742.1836,17220.2461 
54716.4023,18799.9023 
54722.8555,20401.7344 
54742.5156,21960.9297 
54736.6016,23512.4512 
54724.3047,25058.3691 
54711.5781,26621.2676 
54691.2578,28156.2871 
54666.2891,29705.4531 
54649.6719,31282.1719 
54643.3594,32825.0508 
54630.6211,34348.5547 
54618.3555,35896.4375 
54615.5625,37455.0781 
54628.3359,38980.2266 
54649.6016,40539.0859 
54665.3672,42077.7578 
54671.9297,43623.4961 
54667.1758,45189.5625 
54671.6602,46729.2891 
54692.4453,48277.1641 
56281.8438,99965.9766 
56275.5039,1515.88794 
56277.3789,3086.05469 
56282.2383,4667.30176 
56279.7617,6227.00488 
56280.0703,7794.79932 
56275.8203,9357.96094 
56269.6055,10948.1084 
56281.7070,12538.6924 
56305.3359,14104.7510 
56310.3203,15649.4111 
56297.5156,17198.9434 
56288.4062,18788.7969 
56270.1289,20406.1035 
56258.5625,21963.5840 
56261.1367,23504.4277 
56261.0117,25049.5762 
56250.0820,26602.8652 
56231.0977,28135.9961 
56216.1719,29686.8262 
56194.2656,31264.2520 
56160.1172,32802.8555 
56139.3828,34341.8242 
56153.8672,35901.3164 
56160.2734,37454.6680 
56169.3945,38999.2773 
56189.2930,40554.5078 
56197.9531,42088.9102 
56209.6797,43630.4102 
56220.0430,45190.7344 
56225.0078,46738.4492 
56225.3672,48291.1953 
57826.9453,99967.1016 
57837.0781,1519.16919 
57847.5430,3091.28003 
57840.0664,4657.67432 
57827.9922,6217.95850 
57822.4258,7796.30713 
57830.9961,9359.37793 
57834.6055,10944.2432 
57827.4688,12551.3242 
57833.2305,14121.3115 
57837.4922,15643.3809 
57839.5117,17197.7031 
57841.6094,18775.4219 
57814.4922,20371.6973 
57791.0859,21959.8008 
57792.1367,23513.1406 
57795.8008,25049.6602 
57788.5625,26586.4375 
57774.4414,28121.3984 
57764.1797,29670.6543 
57740.6992,31232.0039 
57709.8672,32766.6641 
57685.4961,34336.7188 
57679.4609,35915.1953 
57687.4180,37461.8438 
57712.2617,39025.6719 
57739.1836,40571.0312 
57753.7188,42098.3398 
57765.0469,43642.1367 
57778.1875,45203.8242 
57791.6523,46738.3672 
57793.9102,48292.2539 
59373.7539,99978.6484 
59384.6445,1532.95911 
59381.9531,3088.29346 
59379.5195,4653.52930 
59389.9375,6215.47461 
59386.0938,7791.98975 
59383.7070,9371.32422 
59387.6289,10939.9268 
59374.4375,12537.2402 
59359.6758,14121.7432 
59366.2734,15650.9902 
59379.0586,17206.6797 
59383.2266,18772.4785 
59386.3555,20354.3359 
59375.5898,21943.9062 
59349.5977,23502.1875 
59335.2383,25044.9590 
59326.9922,26575.5430 
59323.9531,28118.9824 
59324.7109,29659.6074 
59308.1133,31208.5977 
59298.6094,32750.6816 
59289.2383,34313.9219 
59264.1289,35903.7422 
59264.1406,37480.6875 
59283.3594,39051.8086 
59293.5781,40586.3516 
59305.8398,42113.9531 
59327.6562,43657.9453 
59348.7656,45221.9805 
59371.9688,46758.1016 
59398.5625,48303.8203 
60940.3633,99987.6484 
60935.8555,1526.60339 
60925.6602,3080.28198 
60927.7109,4663.94092 
60935.8867,6225.73926 
60943.0859,7786.81152 
60935.4688,9365.04492 
60923.8828,10934.9561 
60922.5273,12524.7412 
60917.5352,14117.2168 
60923.2266,15666.8682 
60934.0352,17211.2402 
60932.4062,18773.4473 
60929.0547,20355.8848 
60917.1602,21923.2949 
60905.6836,23486.2910 
60907.8438,25040.9941 
60900.0703,26563.9883 
60885.0508,28117.0078 
60881.0195,29653.7324 
60878.7461,31196.1387 
60880.7930,32755.5176 
60888.8594,34305.6445 
60883.5859,35888.1016 
60870.7812,37483.4219 
60855.0234,39052.0430 
60850.5625,40591.1055 
60862.5234,42131.7422 
60887.2773,43686.4922 
60911.1992,45239.1367 
60923.2930,46782.5469 
60941.1016,48319.5781 
62500.1367,99987.3516 
62495.8164,1519.30896 
62491.5898,3078.42773 
62485.6992,4660.81592 
62479.1133,6228.26025 
62479.7617,7789.54688 
62473.3438,9352.76562 
62478.4961,10939.6670 
62497.0625,12531.9531 
62500.9297,14113.5713 
62493.9844,15671.5947 
62494.2695,17218.2363 
62501.4531,18769.9258 
62488.8906,20338.9473 
62468.4805,21908.7852 
62461.9922,23487.9062 
62459.5039,25041.3164 
62453.8945,26550.3926 
62450.9219,28108.7812 
62460.1211,29663.1602 
62479.9453,31205.7402 
62485.2969,32759.0938 
62481.5156,34309.0820 
62482.3008,35880.6719 
62468.2617,37458.5391 
62438.5078,39030.1133 
62426.1055,40596.9844 
62432.9648,42147.1250 
62446.6328,43711.4805 
62465.6680,45254.0977 
62478.0859,46792.6992 
62485.6250,48327.3867 
64083.3594,99979.0547 
64071.8672,1509.08521 
64054.7070,3067.01172 
64047.4102,4658.53516 
64059.5859,6232.92041 
64059.8633,7781.55176 
64054.5352,9353.51758 
64070.7617,10961.0469 
64078.3398,12540.7402 
64075.5273,14109.3799 
64062.7266,15654.7725 
64039.9414,17215.9102 
64039.0508,18775.2871 
64045.8633,20327.3008 
64047.6680,21900.6328 
64045.4219,23481.0820 
64036.4414,25033.1855 
64037.6055,26556.1582 
64057.6094,28122.7773 
64070.5781,29675.9922 
64069.2383,31211.7051 
64057.3242,32747.2461 
64045.3672,34305.6602 
64049.4727,35884.1914 
64053.6289,37445.2656 
64044.7188,39007.5039 
64023.2031,40585.8242 
64010.8281,42148.4102 
64008.7969,43719.7188 
64010.6367,45268.6133 
64024.6328,46805.9922 
64041.0664,48339.8984 
65632.2969,99973.4609 
65635.7812,1503.20007 
65640.9375,3056.78979 
65636.5938,4659.95020 
65627.8203,6238.36182 
65623.1875,7777.03125 
65630.6016,9363.27734 
65636.0859,10967.5713 
65626.3438,12529.7988 
65613.6016,14103.2568 
65608.9297,15639.1738 
65603.2734,17200.2383 
65598.9141,18781.8203 
65610.6484,20340.3652 
65620.5469,21905.4746 
65617.8203,23477.8789 
65613.0703,25028.3770 
65612.8594,26565.2793 
65620.8750,28139.2109 
65629.4766,29679.0684 
65637.6406,31208.4512 
65644.1094,32739.0195 
65650.4375,34307.3125 
65657.2500,35889.1875 
65653.0625,37443.2266 
65641.1172,38991.9688 
65623.0469,40567.4570 
65626.2031,42151.5586 
65633.8672,43714.0352 
65623.1094,45267.7969 
65625.0469,46819.8203 
65630.8672,48354.0391 
67202.5391,99972.9609 
67201.9531,1513.83350 
67212.2344,3064.79395 
67209.4844,4645.50684 
67189.5000,6220.33203 
67185.0234,7782.04883 
67191.4297,9367.78809 
67179.8281,10961.0176 
67178.6484,12524.0801 
67175.5625,14093.4121 
67176.4922,15648.2402 
67195.4531,17204.3418 
67194.8359,18780.3848 
67193.0625,20349.7207 
67193.4141,21900.5801 
67174.1406,23460.7031 
67149.7734,25020.6797 
67152.7500,26572.7578 
67166.0391,28146.3301 
67168.6797,29687.2852 
67174.1953,31223.6094 
67190.9844,32755.0449 
67215.7500,34324.8711 
67236.0547,35894.6328 
67239.8359,37433.5586 
67229.3750,38973.7500 
67217.7734,40560.1562 
67221.9609,42169.0234 
67230.1172,43713.2344 
67226.4219,45259.1680 
67218.2969,46818.9180 
67209.6562,48349.4688 
68793.7344,99963.5156 
68792.0547,1515.45471 
68789.1562,3063.40308 
68776.3672,4633.65576 
68766.5938,6210.95459 
68766.5078,7791.45410 
68772.0234,9362.02441 
68761.4766,10946.6455 
68756.9062,12530.1436 
68758.4141,14087.7051 
68756.5391,15659.5986 
68764.3125,17214.0078 
68765.2891,18772.9180 
68765.4141,20352.3242 
68769.1484,21897.9355 
68759.6641,23432.7793 
68733.4219,25002.6250 
68729.5391,26589.8027 
68743.1797,28155.6367 
68742.1797,29678.5527 
68725.9844,31219.8711 
68727.5859,32775.1289 
68751.1562,34351.5039 
68771.2344,35911.5898 
68780.7109,37436.3359 
68788.5234,38973.1758 
68801.8750,40558.8008 
68791.2344,42162.0781 
68774.5859,43713.4297 
68779.5469,45257.0039 
68773.2734,46806.7461 
68769.8359,48351.1523 
70355.4922,99959.5547 
70364.2812,1525.72021 
70372.8906,3055.29395 
70361.2734,4616.47266 
70338.3828,6194.33740 
70313.2500,7786.55615 
70314.1484,9370.86230 
70330.2266,10944.1885 
70329.9062,12528.6250 
70322.9688,14082.3623 
70312.6328,15655.7861 
70309.1406,17220.0039 
70325.5000,18784.0605 
70341.1328,20356.0898 
70334.0312,21893.8086 
70328.0781,23421.2598 
70328.0859,24987.9395 
70320.5312,26587.9121 
70313.1719,28160.5547 
70317.2734,29675.6133 
70319.0547,31211.7520 
70323.8828,32789.5898 
70337.2188,34369.9609 
70344.4219,35918.5391 
70339.0156,37434.7734 
70341.2500,38990.9883 
70360.2344,40570.7852 
70353.9766,42135.9492 
70332.0234,43705.1758 
70332.4766,45264.7852 
70333.8281,46797.5117 
70330.1016,48359.1211 
71925.1406,99956.4609 
71925.4453,1535.13965 
71929.8906,3058.79736 
71932.1562,4604.69678 
71921.2734,6169.44141 
71905.5469,7768.61719 
71901.4688,9382.84961 
71905.9062,10952.5244 
71900.3594,12520.3721 
71888.5312,14071.4238 
71875.5312,15643.9883 
71871.1250,17225.1172 
71880.6562,18804.1816 
71883.5547,20355.5996 
71874.0781,21882.4609 
71882.1797,23432.0449 
71903.7969,24998.5645 
71915.6719,26583.6484 
71917.1172,28157.1152 
71918.0469,29681.6289 
71928.8125,31217.8711 
71936.2969,32795.9961 
71936.0781,34376.4258 
71937.5312,35918.9883 
71937.1953,37428.8398 
71933.0000,38994.8086 
71921.1719,40571.0508 
71914.2500,42124.0820 
71912.8828,43694.0977 
71903.2812,45264.4336 
71897.8359,46793.1133 
71895.4609,48360.2227 
73472.8125,99962.2031 
73478.6094,1535.23462 
73477.8984,3063.84033 
73489.9375,4609.05615 
73502.0469,6167.15625 
73515.2500,7768.47559 
73512.6484,9376.48535 
73493.1562,10942.0791 
73475.4688,12507.0449 
73456.3438,14054.8789 
73438.2578,15633.3545 
73438.6953,17230.9902 
73440.3750,18802.6113 
73422.1953,20341.6465 
73419.7656,21888.7793 
73444.3281,23455.5488 
73456.4531,25010.4512 
73462.1562,26594.7129 
73475.9531,28163.1074 
73491.6719,29694.7578 
73518.4844,31237.3672 
73528.3906,32794.1680 
73516.6719,34369.8555 
73510.0938,35919.7656 
73510.0156,37428.1250 
73503.9375,38983.4180 
73496.7891,40558.6289 
73503.0000,42132.1523 
73514.7500,43694.2188 
73509.7656,45251.9375 
73500.7500,46789.9805 
73500.6250,48361.0156 
75018.0859,99968.8125 
75007.8750,1527.08496 
75002.6562,3072.03687 
75026.2891,4633.90137 
75061.0156,6193.64551 
75090.2891,7781.56641 
75083.8516,9356.31641 
75059.2812,10918.6270 
75034.3672,12485.5400 
75015.9766,14035.4053 
75008.9688,15624.4941 
75004.6719,17235.3594 
74999.4062,18792.8594 
74995.5781,20331.0098 
75006.0859,21906.5820 
75018.9297,23472.6914 
75023.4922,25011.5957 
75031.4375,26605.0527 
75042.0469,28177.0176 
75056.5312,29718.5293 
75073.8594,31257.4414 
75079.8984,32789.0938 
75073.1484,34356.3086 
75060.9453,35915.5469 
75057.1953,37424.7539 
75054.7891,38981.3047 
75068.3828,40571.2617 
75081.2656,42143.0820 
75090.3672,43703.7734 
75102.7031,45246.9531 
75096.3672,46783.9648 
75083.8516,48351.7031 
76560.4062,99969.3750 
76563.2656,1516.33362 
76571.3594,3084.48486 
76581.7422,4656.19531 
76592.0000,6224.41748 
76608.0156,7793.79736 
76609.6875,9342.23145 
76605.6328,10900.4805 
76595.7578,12467.2910 
76601.7188,14039.6240 
76612.4219,15622.2412 
76594.5469,17219.5332 
76579.2188,18790.0059 
76594.2969,20347.4980 
76611.9766,21916.5332 
76607.7500,23471.2930 
76612.5078,25022.5605 
76629.3438,26616.8340 
76631.6172,28180.3340 
76627.4688,29725.3945 
76628.2812,31266.0684 
76644.2031,32799.9492 
76652.6016,34346.2617 
76637.2422,35904.0938 
76634.2344,37425.3398 
76638.3906,38984.3203 
76638.5312,40579.8945 
76629.8281,42141.5859 
76634.1484,43722.2461 
76647.4375,45252.2930 
76641.5781,46771.2070 
76633.5703,48335.8438 
78113.5391,99989.3750 
78125.6797,1524.34192 
78127.1250,3092.10547 
78115.1250,4647.79932 
78100.8828,6225.77441 
78100.4062,7800.91064 
78110.8359,9349.91797 
78126.3672,10906.5029 
78146.8516,12476.7500 
78166.5703,14056.0898 
78166.3047,15613.6455 
78153.3125,17197.5684 
78144.6797,18788.4980 
78143.4219,20363.4531 
78148.1953,21921.4395 
78156.1328,23472.2441 
78171.7891,25040.2578 
78183.6797,26624.5215 
78181.4375,28174.3574 
78177.0469,29720.0742 
78175.2734,31272.0215 
78180.0391,32815.5234 
78179.8516,34339.9688 
78174.6016,35894.4102 
78174.7266,37430.8398 
78182.7031,38989.7773 
78185.6875,40572.9805 
78179.6562,42133.1367 
78176.3281,43727.6133 
78172.5078,45251.4609 
78183.1562,46776.0898 
78204.9141,48344.2656 
79678.1094,99999.5078 
79676.2734,1519.32251 
79659.5703,3074.66846 
79636.4062,4629.64893 
79625.5234,6218.80322 
79621.7109,7805.52197 
79629.1094,9363.72852 
79647.0391,10928.2627 
79673.9453,12503.3320 
79687.8906,14063.1016 
79695.4062,15613.5996 
79711.3750,17199.8848 
79717.3281,18782.2715 
79707.8125,20355.8184 
79705.7812,21929.2930 
79721.3125,23489.6973 
79737.5391,25054.9434 
79737.4375,26622.1621 
79728.4375,28171.8105 
79731.3125,29720.7129 
79729.8281,31268.0742 
79716.9531,32808.0664 
79706.0703,34335.8398 
79706.2266,35895.2070 
79710.0312,37435.4766 
79720.4844,38998.5547 
79719.7500,40570.7188 
79720.6719,42135.4375 
79727.5859,43725.9570 
79737.6172,45262.7031 
79768.1797,46804.0547 
79785.7266,48358.9766 
81206.9609,1.27882493 
81221.5625,1525.67896 
81228.0625,3058.24878 
81219.0938,4615.22754 
81207.5938,6206.31348 
81187.0078,7797.67822 
81184.2500,9375.75977 
81201.3672,10951.0400 
81214.3594,12519.2725 
81222.0078,14071.8730 
81242.5859,15634.7207 
81262.3047,17216.5566 
81276.6250,18787.5059 
81285.6797,20352.7090 
81292.1797,21937.9453 
81301.8203,23503.7441 
81306.2188,25060.3223 
81297.5156,26606.2715 
81277.2266,28162.1895 
81270.5312,29723.8477 
81266.2969,31259.0898 
81256.7656,32795.3867 
81253.7578,34331.5625 
81249.2422,35893.3477 
81254.3906,37450.6523 
81276.6641,39007.7852 
81269.9297,40558.3906 
81263.7109,42143.1445 
81266.9844,43729.4648 
81272.0469,45285.2695 
81296.2656,46830.7852 
81314.3750,48366.5625 
82794.2656,2.47775841 
82783.4688,1531.78101 
82776.9844,3058.44824 
82790.2266,4619.70215 
82799.8594,6192.76367 
82785.8438,7779.66064 
82781.1953,9383.89648 
82784.1641,10958.9131 
82778.4531,12519.5977 
82783.3203,14086.9717 
82800.4297,15655.9150 
82814.7422,17229.4082 
82824.6562,18800.3203 
82834.0156,20362.1621 
82847.8516,21949.2363 
82848.3516,23502.3184 
82831.4531,25053.0898 
82824.6953,26595.8223 
82825.1875,28149.7266 
82815.6484,29716.0254 
82805.5703,31251.4844 
82806.8359,32796.3320 
82821.9141,34339.7188 
82833.3281,35889.2930 
82832.2344,37464.0391 
82838.3672,39018.0430 
82834.6797,40544.5391 
82827.4531,42143.0664 
82821.4609,43723.7422 
82818.4688,45295.0859 
82826.6797,46849.1836 
82841.9375,48389.7227 
84341.5156,99992.3906 
84328.5703,1513.58484 
84328.0312,3065.06348 
84345.9922,4643.48096 
84360.3984,6195.70654 
84359.7500,7770.20068 
84355.2578,9384.34277 
84352.1875,10954.1553 
84353.5625,12518.6914 
84356.6406,14093.1455 
84354.8516,15666.2158 
84363.3438,17240.7520 
84369.5391,18805.2773 
84381.1328,20376.5605 
84389.3047,21953.7637 
84370.3672,23481.6055 
84349.0781,25034.6699 
84343.3047,26602.8164 
84358.3203,28157.4082 
84363.0000,29705.1934 
84362.3750,31252.0605 
84373.7578,32808.0586 
84388.0156,34361.3125 
84410.6875,35900.4766 
84413.4531,37455.7852 
84392.9531,39012.1211 
84387.3516,40540.9844 
84385.4922,42136.2188 
84376.7891,43716.3320 
84367.8516,45291.7773 
84358.1953,46850.7734 
84363.9141,48406.8125 
85870.6953,99985.4453 
85873.2266,1517.49683 
85888.4531,3077.98413 
85891.4297,4650.28662 
85890.3828,6201.36230 
85897.8516,7769.54199 
85895.9141,9378.44141 
85889.3594,10953.4785 
85891.1562,12526.7979 
85896.3828,14091.5518 
85897.0312,15665.6641 
85900.5469,17247.9512 
85906.3750,18813.5586 
85918.6953,20391.8301 
85912.2500,21936.5039 
85891.8281,23463.7441 
85895.0391,25029.9121 
85893.6719,26602.2207 
85894.7031,28171.8379 
85911.9609,29712.6309 
85927.2109,31262.8887 
85937.2188,32817.9336 
85944.9531,34374.7539 
85960.2656,35921.1133 
85963.7344,37438.8828 
85931.9141,38985.8125 
85912.7344,40541.0859 
85906.6562,42129.5312 
85903.5000,43711.7422 
85904.8516,45280.3594 
85903.6016,46851.7422 
85918.5469,48420.1211 
87426.1250,99974.8438 
87415.2578,1522.60999 
87420.6641,3089.61523 
87428.2031,4646.72070 
87426.4062,6205.32568 
87433.8984,7778.78369 
87438.8281,9373.25781 
87433.0078,10945.4551 
87422.1328,12523.4043 
87418.5703,14098.3223 
87431.5000,15674.2500 
87443.2891,17253.9766 
87448.5625,18817.2832 
87438.3438,20389.2871 
87429.4453,21922.0293 
87429.3359,23460.8477 
87429.8828,25037.8379 
87435.3828,26599.8066 
87438.3359,28180.4824 
87455.4219,29736.6016 
87477.3438,31274.7949 
87488.8125,32828.0391 
87504.2891,34385.7070 
87504.9844,35927.7695 
87495.2422,37423.2148 
87479.8281,38956.7305 
87466.0078,40527.8906 
87452.3203,42118.3633 
87451.4219,43722.3867 
87471.3438,45291.2344 
87484.7188,46861.6133 
87489.5703,48428.4609 
88950.2031,99964.2578 
88950.2969,1517.86560 
88946.3594,3095.75659 
88949.0547,4650.60986 
88951.0312,6204.32520 
88956.0625,7787.21973 
88958.0391,9372.24512 
88957.7891,10943.7334 
88955.5859,12511.1592 
88941.8984,14097.3809 
88941.5781,15685.7168 
88950.3125,17267.0449 
88963.8125,18817.2012 
88959.4844,20374.0723 
88965.6250,21933.5352 
88985.0078,23462.6094 
88978.5469,25033.6543 
88978.9062,26607.4883 
88984.3906,28184.5000 
88995.3828,29760.5996 
89022.7500,31295.6777 
89047.4922,32846.8477 
89057.5000,34389.3438 
89035.3594,35906.9453 
89015.6562,37414.2617 
89020.4062,38957.6172 
89036.5703,40531.2617 
89052.4609,42115.2305 
89055.2734,43728.4688 
89057.8203,45305.1406 
89058.8516,46861.7383 
89048.8594,48425.4414 
90475.1094,99966.6016 
90485.9219,1522.15991 
90482.0859,3086.63037 
90478.1250,4655.06641 
90485.6172,6211.42139 
90494.2891,7794.57178 
90493.3594,9365.53711 
90485.1875,10942.6406 
90477.2344,12499.8447 
90470.3359,14089.8799 
90475.0703,15687.8818 
90475.9375,17274.9043 
90487.9609,18832.6465 
90505.6641,20378.0020 
90512.2109,21951.7051 
90519.1562,23471.1895 
90522.2188,25027.2852 
90523.8906,26613.8223 
90535.9141,28193.2578 
90551.7578,29780.4043 
90572.6250,31323.7012 
90590.7266,32862.7773 
90584.3047,34375.1016 
90568.4297,35884.5547 
90571.6641,37415.0508 
90580.0703,38966.5078 
90585.7344,40549.5117 
90601.7344,42131.6758 
90613.3125,43729.7617 
90620.4141,45310.2734 
90623.4844,46854.1641 
90614.3359,48417.2773 
92033.5781,99965.3359 
92027.1484,1525.55896 
92027.0625,3083.08545 
92026.2109,4655.31982 
92015.3125,6209.72656 
92005.8672,7796.63428 
92011.9375,9365.89062 
92020.4531,10939.3320 
92023.7734,12496.3525 
92035.5859,14101.5146 
92055.1719,15699.3906 
92066.9062,17278.1465 
92072.0156,18847.1074 
92072.7578,20381.4355 
92053.6016,21938.4707 
92041.7188,23475.0527 
92059.5312,25036.3398 
92069.7812,26620.1250 
92072.5938,28206.6523 
92078.3750,29793.0195 
92086.8984,31339.0449 
92089.3906,32862.4336 
92082.6797,34363.4180 
92090.6484,35892.1523 
92111.6641,37434.4688 
92135.2969,38977.7031 
92155.1875,40558.9766 
92172.8359,42147.8555 
92189.5547,43739.5547 
92192.8359,45316.3867 
92188.4922,46849.8477 
92182.7812,48413.0938 
93598.7422,99959.8750 
93589.8906,1515.25110 
93578.7812,3081.49121 
93570.7656,4645.71875 
93558.2422,6193.06055 
93549.7500,7795.08740 
93556.8047,9380.42480 
93568.4141,10949.2373 
93578.7812,12506.0195 
93586.9531,14114.5742 
93595.2734,15715.6025 
93605.5000,17284.2637 
93594.2812,18840.1230 
93582.2422,20370.6133 
93580.2188,21924.3574 
93596.3828,23495.5000 
93632.0938,25062.9355 
93642.6016,26616.4219 
93628.1797,28198.1836 
93615.3906,29792.9629 
93611.5391,31343.2617 
93613.2891,32861.1367 
93626.0625,34372.6133 
93646.5234,35909.2656 
93659.5469,37452.0352 
93681.7500,39008.2539 
93712.5703,40585.1797 
93736.7031,42172.3945 
93759.3203,43751.4883 
93759.0703,45305.5586 
93748.5312,46842.2812 
93738.3672,48400.7891 
95147.7578,99965.2422 
95150.8438,1505.31433 
95141.5000,3070.20483 
95132.7031,4639.39209 
95132.2656,6186.45068 
95128.1641,7792.17627 
95127.4062,9386.31738 
95131.0469,10956.2334 
95142.2031,12516.9180 
95149.1094,14116.6025 
95150.7969,15724.9619 
95148.2812,17275.2773 
95123.0156,18818.5000 
95122.3672,20378.0605 
95140.6953,21936.2969 
95150.4531,23519.8906 
95162.8672,25085.2305 
95175.5938,26616.9590 
95180.4297,28186.3047 
95164.0469,29775.4355 
95140.8906,31335.3965 
95142.2734,32872.9727 
95161.8750,34395.8516 
95187.3906,35932.4961 
95221.2812,37473.1094 
95246.2969,39031.5078 
95256.4531,40599.4062 
95259.6484,42186.7305 
95271.5391,43768.9219 
95289.2891,45306.4922 
95299.6719,46842.4336 
95300.5625,48385.9531 
96716.2188,99969.5703 
96718.6406,1506.36450 
96712.4297,3056.72266 
96695.8672,4634.13330 
96697.5391,6190.58301 
96707.4688,7792.78467 
96715.1641,9391.06250 
96723.9844,10965.8203 
96741.6250,12533.8047 
96750.4766,14113.8076 
96734.0938,15718.8457 
96717.7734,17258.6094 
96706.5781,18803.8281 
96706.0234,20392.4316 
96713.3672,21945.3906 
96719.7422,23522.0469 
96721.4375,25092.7012 
96730.0234,26632.0781 
96739.0156,28185.6738 
96731.5312,29752.5859 
96720.9062,31323.3926 
96721.8672,32883.9961 
96730.6641,34411.3125 
96746.8359,35963.6211 
96775.0859,37508.0938 
96793.5000,39045.7070 
96808.5391,40610.0625 
96826.4688,42193.3164 
96834.0156,43783.1758 
96851.3828,45326.8125 
96870.3906,46852.7773 
96881.8281,48389.1367 
98319.4062,99966.8906 
98306.1328,1501.94080 
98297.6562,3041.37695 
98280.0312,4618.28711 
98273.8047,6201.78271 
98286.6484,7804.82715 
98296.0781,9399.56250 
98308.5703,10979.2969 
98327.0391,12555.0088 
98342.1250,14109.7637 
98324.9766,15690.0918 
98299.5078,17247.7109 
98299.9141,18801.9238 
98289.9609,20385.1641 
98287.2344,21957.8359 
98310.1562,23534.6074 
98315.5938,25092.0059 
98316.9922,26639.6484 
98324.2422,28188.6309 
98331.7422,29753.8633 
98340.5000,31324.6504 
98343.3984,32889.3867 
98355.4531,34422.9844 
98357.6875,35970.2383 
98345.2109,37516.0391 
98347.3281,39055.3711 
98358.7578,40630.0234 
98370.0234,42204.7812 
98375.2734,43790.1211 
98387.7812,45348.3359 
98410.6562,46872.5820 
98434.8906,48405.7461 
50009.7539,49882.5469 
50003.1211,51446.7461 
50002.0547,53034.8008 
50001.2383,54628.9688 
50000.3945,56225.8516 
50000.6484,57809.2578 
50002.7461,59366.4453 
50013.5430,60939.3320 
50019.9961,62544.8398 
50005.2656,64124.5703 
50000.1914,65707.3906 
50002.6289,67295.6172 
49992.4531,68869.3516 
49982.6719,70418.8359 
49992.8594,71963.2109 
50017.1094,73509.6641 
50033.6992,75058.8047 
50019.5859,76621.6562 
50000.6484,78163.0078 
49997.6172,79687.9766 
49987.6133,81231.9219 
49981.9727,82755.3438 
49993.1133,84330.5312 
49999.8867,85925.1484 
49993.9609,87500.1094 
49997.2539,89109.2422 
49998.8906,90688.4141 
50001.5977,92251.5859 
50014.2852,93790.8672 
50022.7344,95321.8203 
50034.5820,96859.7109 
50058.0547,98372.8125 
51566.3047,49869.3242 
51562.9609,51446.3555 
51557.6641,53032.1328 
51557.6797,54634.6289 
51569.0352,56227.7734 
51567.3242,57807.5391 
51565.4961,59371.4727 
51575.7031,60956.4219 
51593.8906,62548.0977 
51594.8008,64111.1523 
51585.5312,65704.5781 
51577.4805,67288.6875 
51564.7695,68852.8828 
51549.0938,70409.5391 
51542.2539,71970.3125 
51544.3047,73526.1406 
51557.8398,75070.5156 
51565.0430,76605.9766 
51546.6328,78150.6641 
51535.0430,79683.0234 
51536.7969,81225.2578 
51552.2383,82770.8672 
51572.9727,84346.0156 
51575.0742,85922.1953 
51578.0273,87504.0234 
51583.9766,89114.4766 
51577.4062,90679.0938 
51564.9375,92252.8984 
51573.5117,93809.6797 
51589.9805,95326.4844 
51585.9688,96861.8125 
51598.5195,98405.2188 
53134.7617,49860.2500 
53131.8867,51445.2891 
53125.8789,53020.1562 
53119.5859,54642.7422 
53123.2500,56233.4766 
53119.0352,57800.4453 
53119.2422,59374.6914 
53132.5820,60972.5547 
53145.6016,62562.7578 
53156.1484,64113.2383 
53162.5234,65699.1641 
53153.8555,67276.9766 
53138.6367,68838.6875 
53125.1094,70397.2578 
53114.0117,71964.9766 
53106.7070,73525.7266 
53106.5312,75082.8438 
53111.3086,76601.5000 
53105.3281,78130.9062 
53103.5312,79686.0156 
53113.7227,81239.4531 
53123.6172,82789.7578 
53133.8672,84353.5000 
53141.8203,85924.9453 
53150.7852,87510.5781 
53148.8594,89110.7422 
53148.4961,90672.9219 
53147.8398,92244.8828 
53138.7266,93818.0000 
53137.5273,95332.0469 
53145.6875,96867.0859 
53157.8242,98425.0469 
54700.0078,49854.1875 
54692.9688,51444.5977 
54699.6797,53019.5703 
54697.5938,54633.8750 
54680.6406,56225.8594 
54676.8594,57800.3945 
54695.5430,59394.6211 
54723.8867,60989.3750 
54727.8516,62563.8633 
54724.9102,64121.4023 
54726.5898,65698.9375 
54711.1484,67257.1406 
54684.4453,68820.1875 
54666.7930,70383.3516 
54653.8594,71953.4453 
54648.0000,73521.8906 
54645.8477,75082.4922 
54651.0234,76610.8125 
54674.6562,78140.8359 
54682.8242,79687.3359 
54670.3750,81235.0469 
54665.8867,82796.4375 
54682.2227,84370.0469 
54700.0273,85938.1562 
54709.3203,87515.3984 
54714.4219,89110.3594 
54723.2109,90682.4297 
54727.7227,92239.4375 
54715.0508,93804.0781 
54706.5977,95332.0781 
54709.3672,96875.4531 
54705.9414,98421.9922 
56233.9883,49853.7227 
56234.5156,51440.8477 
56238.2695,53030.9961 
56244.3672,54625.2461 
56240.4531,56217.4961 
56245.3672,57810.8008 
56265.2930,59424.1250 
56286.1602,61005.8828 
56288.0664,62559.9102 
56288.6875,64120.5117 
56279.1445,65687.4609 
56258.5000,67230.4062 
56229.2773,68792.2109 
56207.8594,70371.9219 
56206.4102,71948.6328 
56208.2852,73521.3984 
56206.7852,75080.9297 
56213.3906,76627.8438 
56224.3438,78156.3828 
56226.0352,79682.6328 
56235.6172,81232.4922 
56242.6172,82802.6719 
56243.0859,84382.4766 
56248.0430,85947.5938 
56262.2617,87527.1719 
56278.8945,89120.5859 
56285.2734,90688.6875 
56281.9766,92232.0000 
56271.4531,93793.1328 
56271.2656,95335.6875 
56275.8711,96877.0078 
56278.9258,98419.6719 
57807.5000,49870.8633 
57827.9609,51447.3750 
57837.8906,53037.5625 
57836.1758,54623.3008 
57828.8438,56215.1758 
57827.0078,57820.1797 
57838.8867,59444.9414 
57842.6758,61005.5391 
57829.6484,62556.3125 
57825.6992,64118.2695 
57812.0703,65669.6484 
57799.5156,67213.5312 
57788.2734,68766.4062 
57772.5664,70362.6328 
57773.9258,71956.7188 
57781.8516,73522.6562 
57782.0430,75081.0312 
57783.4102,76634.0703 
57781.2930,78155.7031 
57790.6680,79697.5625 
57809.0586,81247.9766 
57811.0547,82800.2031 
57818.5938,84386.6641 
57838.2305,85963.6641 
57861.6484,87548.8672 
57872.9531,89127.2109 
57866.2148,90685.7188 
57861.4023,92225.8906 
57856.0938,93785.5078 
57846.4883,95333.7109 
57831.4961,96872.0781 
57822.9922,98423.9141 
59401.1328,49880.4414 
59398.0039,51460.4258 
59402.6328,53040.3867 
59401.2969,54617.1328 
59407.5977,56212.7969 
59410.9336,57819.3711 
59401.4336,59447.2969 
59392.5859,60995.4375 
59390.1250,62548.1914 
59379.8828,64105.7969 
59358.9023,65652.4141 
59353.3750,67213.0781 
59361.9570,68763.1094 
59363.2070,70353.7656 
59349.2461,71955.6016 
59341.7188,73525.7578 
59345.4766,75082.1094 
59346.3828,76633.0391 
59348.2422,78158.5547 
59352.8633,79708.4453 
59346.5117,81247.6172 
59355.2266,82813.6953 
59388.1602,84413.7031 
59409.9805,85983.9297 
59423.5273,87565.8672 
59433.3828,89125.4531 
59426.5820,90673.9219 
59413.5469,92220.1406 
59400.8398,93775.6172 
59384.3477,95317.1484 
59369.2852,96854.4766 
59364.1445,98422.8906 
60938.3008,49865.4922 
60928.9922,51457.1836 
60927.4922,53039.6406 
60931.0312,54626.4805 
60951.3945,56233.7383 
60965.6875,57816.8320 
60957.5586,59431.4180 
60954.9180,60998.4375 
60962.5352,62549.7891 
60947.4414,64082.4766 
60926.9414,65637.8516 
60924.5078,67218.1250 
60931.8633,68775.1328 
60943.0859,70350.8672 
60934.0156,71933.6797 
60917.2188,73522.8438 
60922.3906,75089.3828 
60926.6406,76632.7266 
60926.0273,78162.1016 
60923.3945,79702.7109 
60920.1055,81246.1172 
60935.5391,82840.8359 
60958.2266,84438.9922 
60974.9219,85995.3203 
60985.3477,87579.2734 
61000.5078,89135.6172 
61005.6992,90664.3281 
60995.1562,92204.2969 
60972.3594,93750.8125 
60938.2617,95297.8594 
60927.2266,96851.8359 
60933.1250,98430.6016 
62495.0273,49865.7617 
62509.6523,51462.8633 
62519.8633,53041.7891 
62525.4453,54632.4844 
62520.8789,56242.1094 
62519.0703,57821.6211 
62527.7891,59432.3320 
62530.1953,61000.1602 
62512.3516,62536.7578 
62494.6289,64063.8750 
62492.7266,65632.4766 
62492.0391,67218.9141 
62493.0273,68783.1953 
62503.0195,70362.6328 
62510.0898,71922.6094 
62499.1914,73514.2812 
62495.3125,75096.5703 
62499.4688,76633.0625 
62502.3320,78161.6641 
62503.2305,79699.8984 
62508.4531,81253.9922 
62518.9766,82856.7891 
62533.1289,84460.0078 
62550.7148,86008.6172 
62552.2773,87584.7656 
62553.2188,89145.5000 
62550.6406,90660.0859 
62552.8867,92201.8047 
62554.0312,93722.5234 
62525.6016,95265.4141 
62508.8789,96849.6641 
62505.3711,98432.0391 
64064.3164,49887.0352 
64087.0078,51478.6484 
64104.7383,53056.9141 
64122.3672,54636.7578 
64119.7422,56230.9688 
64110.9102,57820.7383 
64101.1953,59433.8047 
64090.9062,60988.0469 
64076.4258,62514.4141 
64069.8594,64064.7305 
64075.4219,65635.0234 
64073.2227,67217.1406 
64072.8516,68785.1328 
64068.3633,70367.0234 
64067.5234,71922.2812 
64073.2695,73506.6172 
64071.5508,75095.0781 
64068.2344,76638.2344 
64076.8711,78169.4375 
64089.9922,79707.4219 
64111.9453,81270.0078 
64128.9023,82863.3516 
64118.5781,84463.5234 
64103.3750,86008.2109 
64090.7344,87575.9609 
64076.7617,89140.0938 
64073.2344,90656.7266 
64078.4062,92213.2188 
64086.4531,93722.3438 
64095.8750,95254.1250 
64099.8672,96847.2891 
64093.9922,98423.7344 
65640.7969,49911.2305 
65661.9375,51498.5430 
65680.8281,53077.0117 
65693.9141,54645.5469 
65695.6484,56225.7031 
65693.0859,57810.8086 
65677.6875,59415.1523 
65666.7891,60984.1094 
65671.5938,62507.4141 
65662.4766,64060.5078 
65654.7734,65633.4297 
65650.0078,67213.3203 
65645.3828,68781.6562 
65637.3516,70357.2891 
65637.5625,71935.0312 
65664.3984,73525.5000 
65672.7969,75086.3672 
65659.4141,76633.7500 
65666.0859,78183.6406 
65688.0078,79729.9219 
65716.0469,81301.2031 
65733.5000,82863.8672 
65713.1016,84431.8438 
65680.5469,85988.2266 
65658.9922,87556.5234 
65638.7969,89129.7344 
65646.8516,90668.8672 
65650.6641,92209.7969 
65640.2188,93728.4375 
65650.4141,95266.5156 
65645.8359,96840.4375 
65634.3438,98415.1641 
67209.1328,49921.3125 
67219.0156,51515.3203 
67225.5469,53088.3047 
67235.6641,54654.9336 
67246.2578,56228.7383 
67251.9766,57811.4258 
67254.6719,59402.4492 
67252.0938,60987.2344 
67263.1953,62512.6328 
67266.5625,64049.9688 
67263.0625,65629.6797 
67254.4141,67204.8125 
67246.5859,68779.2188 
67247.3906,70350.4609 
67239.7188,71939.5781 
67231.0859,73536.9297 
67220.9531,75077.5625 
67226.3203,76638.6797 
67252.2500,78208.1562 
67278.6797,79752.1875 
67287.2266,81313.9453 
67284.8203,82864.4844 
67283.4922,84410.0312 
67264.8281,85962.5000 
67243.0078,87535.6719 
67232.1094,89121.6484 
67223.4453,90673.3594 
67207.0469,92194.6641 
67202.7969,93731.7500 
67210.6953,95269.5703 
67206.2812,96827.0938 
67205.3750,98413.4453 
68783.9453,49930.7656 
68787.8203,51517.5078 
68785.6250,53090.7422 
68791.1562,54668.4883 
68798.1406,56234.1094 
68802.9766,57819.2969 
68818.4062,59409.8438 
68831.2891,60994.3672 
68843.1094,62527.8828 
68858.1641,64055.5117 
68861.7891,65623.7578 
68842.7734,67185.1328 
68819.4766,68773.7969 
68813.0469,70350.8203 
68813.1953,71929.1406 
68799.3672,73516.6953 
68783.9609,75072.3359 
68791.6641,76657.8984 
68800.4922,78229.4219 
68812.4922,79772.1953 
68829.2109,81314.4375 
68828.5703,82861.0234 
68820.6641,84404.2344 
68810.7578,85942.4844 
68803.0234,87526.2891 
68800.8906,89116.1875 
68795.8906,90657.5625 
68790.7031,92183.5938 
68784.5391,93734.8203 
68779.8828,95273.3281 
68793.5938,96835.4141 
68803.2188,98412.9688 
70339.5391,49941.8945 
70346.6328,51518.1953 
70353.8828,53093.2930 
70352.8672,54668.9688 
70353.4688,56240.0625 
70372.7578,57836.0664 
70394.8125,59429.5898 
70404.9766,61001.4570 
70407.3594,62538.6016 
70421.9609,64071.0039 
70428.9375,65617.5547 
70415.2969,67158.3359 
70386.3594,68745.7891 
70354.6484,70341.1172 
70341.9688,71926.7422 
70333.1016,73502.7656 
70330.3516,75072.7812 
70335.1406,76663.0781 
70329.0312,78222.9297 
70318.2188,79780.2578 
70322.8281,81328.7188 
70330.3672,82854.8672 
70322.5156,84394.8984 
70329.0859,85947.0000 
70343.5781,87526.5703 
70339.4688,89113.2109 
70344.4062,90667.0391 
70358.8906,92186.0938 
70353.7188,93718.4141 
70346.3125,95275.3047 
70359.3281,96854.3281 
70363.7031,98407.1250 
71900.4453,49951.5078 
71904.4844,51525.8164 
71912.9531,53102.4375 
71922.2266,54666.7461 
71931.0078,56254.7227 
71950.8906,57860.0039 
71966.5625,59443.0938 
71975.2734,61002.9336 
71977.1094,62544.2656 
71975.7422,64078.5586 
71962.1172,65608.9766 
71956.1016,67149.0547 
71950.7734,68717.7500 
71926.8281,70313.9922 
71910.0000,71913.8594 
71904.3125,73496.7578 
71902.2656,75073.4688 
71889.1875,76658.3594 
71882.5000,78216.8828 
71878.7578,79768.8125 
71865.3516,81329.7812 
71866.2812,82859.0469 
71872.8047,84394.5234 
71877.1719,85963.3750 
71886.5938,87534.6797 
71891.4766,89107.7891 
71883.3359,90667.9453 
71874.2344,92190.9531 
71889.8438,93726.1094 
71913.3750,95287.0781 
71925.0000,96864.3672 
71927.6094,98401.7422 
73490.7734,49946.3594 
73472.8984,51519.9844 
73473.2812,53115.5820 
73489.5938,54680.2344 
73504.3516,56268.5039 
73514.0625,57873.3867 
73526.5547,59459.7969 
73548.0000,61014.0586 
73547.9062,62535.6172 
73526.5859,64059.0781 
73510.3594,65593.7656 
73507.5781,67151.9609 
73503.0781,68706.2188 
73493.3594,70300.7109 
73495.9531,71914.5312 
73500.8125,73498.8359 
73493.8047,75060.3359 
73478.0781,76639.3516 
73469.3047,78216.2812 
73461.7734,79759.2812 
73444.5781,81315.6250 
73435.1016,82864.3047 
73443.2656,84400.8438 
73444.9219,85960.2031 
73434.1953,87536.5234 
73432.2500,89111.8516 
73435.1719,90657.1797 
73432.5781,92190.2969 
73433.9141,93745.2500 
73435.6328,95299.5703 
73446.9375,96874.3672 
73461.1875,98407.0547 
75063.3047,49924.9688 
75058.4141,51514.8789 
75064.5391,53122.5117 
75064.3828,54690.7227 
75073.4141,56280.4648 
75076.4375,57875.1367 
75066.1484,59468.8516 
75066.4219,61027.8555 
75077.7188,62530.1953 
75092.8281,64055.3125 
75108.2344,65596.0547 
75109.8438,67148.3281 
75106.6719,68698.5312 
75109.0703,70300.0156 
75107.1328,71914.3906 
75092.4141,73488.6250 
75080.8125,75053.1719 
75084.8359,76638.4609 
75078.6562,78204.2969 
75053.6875,79737.4453 
75032.5312,81298.1016 
75024.1172,82863.0859 
75024.5703,84409.6172 
75024.8750,85956.2188 
75015.9531,87521.2500 
75002.3828,89108.0859 
75001.5078,90662.6172 
75002.5078,92187.5703 
74988.5703,93732.5312 
74979.7031,95301.8047 
74995.6875,96896.0234 
75012.5547,98419.5391 
76631.0547,49919.0703 
76645.1328,51529.0781 
76650.2266,53120.8984 
76651.8125,54694.7969 
76658.1328,56286.5195 
76647.1953,57860.2305 
76621.0859,59444.2812 
76594.5938,61026.4336 
76608.5859,62559.7227 
76648.0312,64084.0859 
76666.0156,65604.2500 
76675.5234,67152.5859 
76695.4375,68710.2031 
76706.9609,70304.0547 
76703.6250,71905.9688 
76702.1953,73478.6719 
76701.6562,75048.3594 
76679.8750,76625.9922 
76651.0547,78183.7891 
76640.7734,79720.2109 
76631.2109,81286.0625 
76619.0625,82857.0234 
76603.2891,84397.7188 
76578.3125,85944.5781 
76570.6641,87517.1250 
76575.6250,89104.2969 
76569.2969,90658.2422 
76555.5625,92176.4375 
76549.4688,93724.4375 
76555.1172,95307.7422 
76549.6250,96902.8516 
76546.5547,98428.7109 
78221.5859,49931.8711 
78230.0234,51536.0859 
78224.6016,53117.1914 
78221.8359,54700.4883 
78210.4297,56276.2422 
78201.5234,57849.5312 
78207.7266,59425.3008 
78192.6719,61007.3086 
78177.4141,62580.4414 
78188.2031,64111.2773 
78216.3594,65622.5234 
78249.6250,67177.1875 
78269.6406,68726.9531 
78272.2188,70301.2031 
78263.1953,71900.0859 
78257.3047,73483.8984 
78254.6797,75039.1641 
78237.4844,76592.3125 
78214.6094,78166.1094 
78200.3438,79714.4609 
78183.4453,81267.6562 
78161.6172,82840.3906 
78142.1094,84375.3984 
78123.7734,85925.1719 
78118.3125,87519.6172 
78113.1797,89099.4609 
78100.2188,90646.1250 
78101.4375,92172.4844 
78109.1875,93731.3047 
78113.6484,95306.1875 
78098.5625,96882.3750 
78091.7031,98440.4688 
79788.6562,49940.0195 
79789.8516,51535.4219 
79788.4844,53110.6680 
79776.3359,54686.3203 
79764.8438,56265.3164 
79783.1484,57868.4727 
79807.6172,59435.9648 
79806.8203,60986.4297 
79781.0312,62559.0078 
79762.2266,64124.6484 
79793.9062,65667.5000 
79829.9531,67200.9453 
79834.1250,68732.6328 
79841.9375,70302.7109 
79840.0781,71886.2109 
79818.2578,73468.7812 
79798.7734,75030.3516 
79795.6172,76582.6250 
79784.1484,78143.0938 
79754.4531,79692.0078 
79735.9844,81251.2422 
79720.0547,82819.0391 
79694.0391,84352.2266 
79671.6484,85914.3359 
79669.8516,87522.2422 
79675.9766,89091.5938 
79679.8750,90646.7500 
79685.4766,92180.9297 
79682.3594,93734.0859 
79684.3516,95306.9219 
79686.0625,96870.6094 
79679.6797,98445.7344 
81331.0000,49944.9922 
81335.8750,51534.3047 
81329.5469,53106.9844 
81328.3438,54679.0078 
81339.7891,56279.2344 
81356.8203,57892.2617 
81360.8516,59442.0977 
81362.6484,60981.3672 
81363.1094,62536.4336 
81348.6953,64120.2773 
81348.7266,65700.8047 
81359.8594,67210.3359 
81361.5859,68734.6172 
81371.7500,70314.3359 
81378.7812,71876.9297 
81366.6797,73445.2812 
81346.1328,75016.0938 
81333.9297,76579.8359 
81326.9453,78126.6328 
81318.8828,79670.5078 
81295.5781,81230.7188 
81270.5000,82799.6641 
81263.4297,84331.7266 
81253.0625,85897.8047 
81238.7109,87523.1406 
81233.1172,89098.9688 
81232.3125,90648.9062 
81219.6562,92170.0938 
81207.5625,93728.8984 
81213.0391,95315.7812 
81219.7344,96868.2812 
81212.9062,98434.0547 
82874.0859,49971.5039 
82895.3984,51531.5508 
82887.3984,53097.0938 
82885.0625,54686.0820 
82887.1484,56285.4297 
82872.6562,57889.1094 
82867.3906,59442.6328 
82875.2812,60990.7461 
82884.2109,62538.1875 
82880.2812,64102.8281 
82856.4844,65691.5625 
82847.0000,67214.9219 
82860.7734,68744.9375 
82877.9219,70330.7578 
82896.0469,71883.0469 
82893.2109,73427.4453 
82873.2188,74996.8672 
82855.6484,76564.6172 
82837.8047,78121.4531 
82836.0938,79665.3672 
82831.5078,81205.0000 
82824.8672,82793.1484 
82829.2031,84338.1328 
82834.7891,85891.8750 
82822.7109,87500.1406 
82786.9688,89079.0938 
82764.6953,90639.2422 
82760.3125,92159.9922 
82760.9844,93729.3203 
82762.1484,95323.3672 
82772.7344,96877.2656 
82790.7500,98434.7812 
84378.5391,50000.3242 
84398.6484,51546.0820 
84417.4922,53096.3906 
84426.9453,54690.6758 
84423.1562,56272.0547 
84402.4688,57870.2344 
84392.3906,59446.2812 
84392.5469,60994.0664 
84390.5078,62543.1328 
84401.0312,64099.0938 
84402.9062,65673.6719 
84402.6562,67223.9688 
84423.7266,68764.7188 
84435.8594,70343.8438 
84439.0156,71891.3125 
84431.2812,73411.0000 
84418.5156,74985.3594 
84416.5781,76551.0156 
84404.8828,78105.2500 
84396.3203,79668.7812 
84405.9141,81210.9766 
84407.1562,82789.2891 
84388.0781,84330.1953 
84378.3047,85892.3047 
84371.2812,87478.0391 
84351.7891,89048.1562 
84335.3672,90629.8750 
84333.3359,92163.6953 
84338.5703,93729.1094 
84337.2422,95323.3828 
84339.0781,96892.5234 
84344.3516,98447.4531 
85917.2891,50000.5820 
85912.2578,51564.4688 
85935.2812,53120.1875 
85948.4609,54694.2109 
85940.0312,56259.1797 
85928.6016,57853.1914 
85920.3750,59442.2305 
85919.1016,60990.2930 
85916.8828,62545.5273 
85924.1953,64115.5508 
85933.6172,65675.2656 
85939.4297,67237.7422 
85961.1406,68788.2109 
85978.5938,70347.1562 
85979.0312,71887.9453 
85976.1484,73399.2344 
85963.3516,74975.4375 
85947.3750,76547.9844 
85942.1094,78096.8516 
85936.7500,79666.9688 
85931.6719,81211.7969 
85915.6797,82770.6953 
85904.3438,84318.5391 
85905.0234,85887.6484 
85897.1250,87469.3828 
85900.0938,89040.5625 
85893.3906,90616.9609 
85888.5859,92169.9922 
85903.3984,93737.7422 
85905.7812,95320.2266 
85895.7422,96885.5547 
85882.0469,98438.4609 
87487.9219,49988.5977 
87483.0234,51567.6992 
87481.9375,53133.1953 
87473.3047,54685.9648 
87465.8125,56252.1445 
87470.4609,57850.7422 
87471.5938,59442.0078 
87475.0156,60993.5352 
87480.7266,62545.4531 
87481.4375,64119.1328 
87482.4844,65677.9297 
87486.6953,67246.9453 
87495.8828,68809.5000 
87507.5156,70355.4062 
87501.7656,71885.9453 
87504.6797,73402.9141 
87508.9453,74955.7422 
87486.8047,76527.7656 
87468.2188,78087.4453 
87450.1406,79657.2109 
87441.1641,81205.2031 
87434.5234,82755.9062 
87428.4453,84321.7891 
87428.0391,85882.3125 
87419.1953,87466.2188 
87420.0000,89046.3203 
87420.0234,90608.7734 
87429.7109,92183.1719 
87442.2344,93744.9219 
87433.2344,95309.6641 
87428.8828,96881.2109 
87433.9844,98432.3047 
89048.7969,49989.9609 
89045.6797,51560.9336 
89033.8281,53122.5703 
89027.1094,54677.8086 
89032.7969,56260.3594 
89037.9688,57852.3594 
89022.7812,59433.3711 
89013.2812,60998.5859 
89025.6172,62556.8711 
89040.7031,64124.3125 
89049.2109,65683.9609 
89054.2969,67250.0781 
89058.1875,68818.1328 
89063.4141,70351.9141 
89044.7109,71866.5234 
89037.4219,73418.0391 
89058.5078,74960.3906 
89058.7656,76510.9531 
89044.3750,78068.9531 
89020.8984,79633.0859 
88996.3359,81196.2109 
88981.2578,82744.5625 
88969.2266,84316.8203 
88963.6641,85876.1406 
88951.4141,87453.9453 
88935.7812,89042.2109 
88941.5469,90620.0625 
88966.5938,92205.0703 
88980.4688,93746.1719 
88980.4531,95302.4531 
88977.5938,96882.5859 
88963.2812,98425.6562 
90613.0234,49990.4492 
90607.1719,51550.6523 
90603.4375,53119.8242 
90605.5625,54678.7109 
90602.6406,56263.0469 
90590.1094,57838.0078 
90570.2812,59413.4961 
90563.7266,61000.2930 
90571.0391,62572.5859 
90579.7969,64133.6992 
90583.9375,65689.5469 
90590.4609,67254.4766 
90597.1797,68826.6562 
90603.6562,70354.7578 
90611.9062,71855.8906 
90615.7422,73427.0156 
90615.7969,74969.5547 
90606.1172,76496.8828 
90589.6719,78054.0781 
90578.4766,79610.5859 
90555.3281,81171.0938 
90534.7656,82730.0156 
90523.6875,84306.9141 
90511.7031,85867.8203 
90505.0703,87440.3359 
90502.2188,89037.3438 
90506.5000,90637.2031 
90513.5625,92221.2109 
90514.9453,93749.5781 
90512.6406,95301.6250 
90505.1094,96869.6484 
90485.8125,98401.1875 
92179.1797,49990.2734 
92174.3672,51542.6367 
92164.6641,53116.1484 
92159.3125,54677.8086 
92165.0234,56259.3867 
92162.1328,57822.5742 
92154.5703,59405.0859 
92152.9609,61001.5078 
92151.8594,62577.3594 
92155.1172,64138.0859 
92162.0938,65696.4766 
92175.7578,67266.2500 
92182.4609,68825.5391 
92172.6641,70356.9453 
92180.3359,71870.2891 
92177.5703,73415.6484 
92147.1328,74955.0781 
92138.0781,76487.0703 
92135.1875,78044.6562 
92125.5391,79598.0547 
92110.7188,81149.4609 
92101.5781,82721.1562 
92095.4297,84295.4375 
92090.5156,85862.9062 
92100.8125,87446.6797 
92106.1641,89036.9297 
92095.4219,90631.3516 
92077.8984,92213.2812 
92063.5391,93742.8594 
92053.3359,95292.8672 
92041.6797,96860.2578 
92037.5703,98390.5078 
93715.8828,49978.8594 
93712.4766,51541.1953 
93720.7188,53110.3125 
93726.3359,54684.5781 
93735.1250,56268.5312 
93736.5938,57818.7891 
93737.1172,59402.6680 
93731.4531,60995.7578 
93723.0547,62575.2578 
93724.0312,64144.7930 
93736.0000,65708.4844 
93747.8516,67279.8203 
93753.8281,68824.1484 
93752.5781,70351.2656 
93754.3125,71878.0078 
93747.6562,73388.7891 
93720.4219,74928.9688 
93708.8516,76488.7109 
93702.0156,78035.4297 
93685.6484,79584.5156 
93678.6094,81142.8906 
93676.7266,82717.6484 
93669.9219,84289.5469 
93670.5391,85869.9531 
93674.7734,87454.0547 
93669.3828,89029.8203 
93660.6406,90616.5703 
93641.1328,92190.5859 
93618.6875,93731.2031 
93616.1172,95285.1641 
93605.2188,96846.1328 
93594.3359,98391.5703 
95291.6094,49965.0195 
95296.4062,51556.2617 
95312.2344,53123.8750 
95319.1016,54687.8789 
95308.0078,56262.4570 
95305.2422,57823.0547 
95314.2188,59403.0781 
95301.9062,60982.2891 
95287.4531,62567.8906 
95285.1953,64151.7422 
95299.2734,65724.7109 
95306.5938,67281.0703 
95296.9297,68822.5547 
95295.6875,70352.8672 
95296.2266,71879.7656 
95295.6484,73380.8828 
95297.2031,74915.4688 
95289.1406,76479.0000 
95274.6172,78018.9609 
95259.6797,79569.6797 
95244.6953,81136.6719 
95231.5703,82708.6875 
95223.1172,84283.0078 
95217.7500,85869.5156 
95214.2969,87451.2578 
95213.9766,89024.4219 
95202.3125,90602.7891 
95177.8281,92163.2422 
95160.6172,93721.3828 
95162.5703,95289.1172 
95158.5312,96829.5625 
95145.6172,98388.7891 
96892.3828,49967.1914 
96893.7266,51559.1094 
96886.3516,53127.1641 
96882.9688,54683.3477 
96874.4062,56251.0664 
96872.5625,57833.7344 
96871.7422,59396.9727 
96850.3516,60959.6055 
96835.3984,62559.4531 
96833.3047,64155.9258 
96840.1797,65739.0703 
96850.5000,67278.7812 
96849.1328,68813.3594 
96840.6406,70350.4609 
96824.8516,71868.9375 
96810.6406,73382.2109 
96818.7344,74920.7109 
96814.9297,76466.0312 
96803.9766,78010.6953 
96802.6172,79558.8203 
96794.2969,81121.1172 
96791.2266,82702.7656 
96794.3281,84280.3672 
96788.1562,85861.7812 
96779.5859,87451.3203 
96772.9922,89017.7422 
96750.3594,90576.4062 
96731.1172,92146.6484 
96731.5078,93719.1875 
96725.0469,95285.3516 
96714.1328,96819.9609 
96714.2500,98384.4297 
98450.4844,49977.8477 
98461.0078,51559.4219 
98469.3672,53125.1836 
98471.8828,54679.5273 
98458.2734,56235.1055 
98429.1562,57821.0156 
98404.2734,59380.8320 
98397.1172,60947.0312 
98400.5469,62556.8516 
98401.3672,64156.7695 
98404.6172,65749.3047 
98420.0156,67293.9609 
98427.7266,68807.8516 
98407.0391,70330.3047 
98383.6094,71845.9219 
98373.2031,73380.0234 
98373.9609,74925.5938 
98361.2422,76448.4297 
98346.8047,78005.4141 
98344.0312,79558.9375 
98351.1953,81125.9844 
98368.4141,82713.2422 
98374.6328,84280.3828 
98371.7422,85851.3125 
98358.2969,87435.8594 
98334.7969,88997.8438 
98318.6719,90557.2109 
98317.0000,92146.7266 
98319.5000,93719.4922 
98309.3594,95269.5859 
98301.1016,96819.6562 
98314.5078,98396.8984 
