64.0685883,160.992737 
82.0221634,1680.98108 
82.9631805,3233.79492 
76.9345322,4793.54248 
63.3026237,6363.31152 
55.1875267,7893.11182 
38.0860481,9428.29199 
22.7277317,10975.5488 
3.52367282,12500.6924 
99981.5703,14022.1514 
99981.7812,15562.0469 
99986.6562,17103.5977 
99979.2891,18622.3789 
99984.3281,20163.9980 
13.5437307,21733.8730 
42.9220314,23304.1348 
49.5406151,24917.0742 
45.6881447,26523.4219 
50.4274254,28080.8281 
39.0256157,29653.3379 
13.6060820,31238.5176 
99997.3281,32838.8594 
99986.3594,34412.4492 
99980.7812,36014.6367 
99982.8516,37599.0156 
99973.0547,39158.3320 
99979.9062,40729.3633 
4.87950706,42247.2344 
33.6950760,43797.8516 
67.0605545,45386.4062 
73.6401367,46932.1406 
65.7652588,48474.9180 
1628.07227,177.077896 
1631.07666,1688.29504 
1628.18445,3236.45483 
1630.36230,4784.11230 
1610.04407,6338.08594 
1582.40771,7876.82666 
1573.09778,9415.27734 
1566.23950,10962.8691 
1552.40088,12480.2129 
1538.99890,14014.9727 
1531.17114,15561.7539 
1518.69788,17093.4805 
1514.27612,18622.9141 
1534.78113,20191.5879 
1566.57788,21767.4277 
1589.10608,23323.8008 
1593.97998,24908.4648 
1577.91138,26511.2402 
1570.19727,28083.0254 
1576.98254,29644.7227 
1571.73987,31220.0156 
1556.63452,32827.8516 
1555.96460,34411.9883 
1563.08240,36016.3398 
1557.02844,37589.4609 
1551.43726,39153.4492 
1557.62268,40745.8359 
1571.40540,42274.3164 
1604.83447,43841.1484 
1633.02429,45404.0859 
1631.68884,46922.4141 
1622.08887,48468.3125 
3197.09717,170.469452 
3185.51465,1678.68298 
3172.75781,3227.43359 
3154.60278,4775.04834 
3132.80054,6311.11182 
3123.15259,7869.61621 
3128.82764,9415.74121 
3121.68311,10953.4209 
3110.15576,12465.4004 
3095.69434,13999.1709 
3080.34521,15549.4131 
3077.75464,17089.1191 
3083.89771,18631.0781 
3091.19800,20214.1074 
3106.52588,21789.1484 
3116.67407,23333.2344 
3121.01953,24908.0234 
3128.13965,26504.2344 
3132.03174,28085.8887 
3134.34180,29650.6934 
3138.76831,31213.8984 
3142.47192,32822.7109 
3149.76245,34422.0078 
3154.58203,36017.2695 
3155.67676,37587.0117 
3167.02124,39160.1914 
3168.85059,40748.3750 
3170.95361,42288.9336 
3176.28296,43859.8008 
3172.20044,45409.5781 
3177.41895,46919.7578 
3170.13135,48452.5312 
4753.38721,149.371704 
4735.54102,1674.96765 
4732.22852,3212.62793 
4712.70947,4749.30127 
4695.63623,6294.52100 
4687.40430,7870.12891 
4674.80615,9407.13574 
4655.44092,10938.4355 
4652.59033,12463.1504 
4659.24463,13992.2207 
4655.01758,15542.1445 
4651.07617,17094.1680 
4657.01855,18635.8516 
4664.44092,20219.9785 
4672.15674,21801.0195 
4678.48438,23336.9727 
4681.52734,24914.2559 
4687.23291,26515.2852 
4694.98975,28089.0938 
4698.36963,29652.9512 
4713.18799,31229.8086 
4740.12988,32837.3906 
4745.52197,34422.7969 
4730.17432,36011.6602 
4733.55859,37602.1562 
4756.92334,39172.0781 
4756.06006,40740.1133 
4747.88916,42291.3438 
4738.94531,43847.6172 
4722.25195,45404.7773 
4726.26758,46930.4766 
4737.42871,48442.0742 
6302.52588,119.740189 
6271.85156,1658.76978 
6254.02588,3202.23047 
6246.18457,4739.46631 
6252.08154,6293.64062 
6251.87109,7857.81738 
6237.43457,9388.29688 
6230.06006,10931.3115 
6232.17334,12469.4141 
6224.06641,13987.7539 
6206.91406,15530.0391 
6201.55811,17094.4043 
6216.75244,18653.2832 
6245.15479,20236.4277 
6257.46094,21805.6191 
6259.41113,23341.9102 
6264.01074,24914.3457 
6255.73877,26512.7969 
6253.79443,28096.2695 
6268.98828,29665.5781 
6289.98193,31256.4297 
6307.04785,32853.8555 
6302.95947,34407.2422 
6288.36279,35996.3203 
6285.21875,37618.2734 
6297.47070,39189.1484 
6305.99805,40733.4648 
6302.81201,42284.6055 
6296.80078,43834.5547 
6289.69727,45394.4414 
6282.04932,46936.9141 
6288.43945,48456.3242 
7832.26123,96.3497620 
7815.36035,1636.83081 
7807.27051,3191.55884 
7800.24854,4734.82178 
7791.96729,6298.86426 
7790.10303,7853.70898 
7782.30322,9377.87695 
7771.83008,10929.3340 
7764.62109,12463.1035 
7753.55664,13969.1611 
7752.75098,15526.6533 
7771.82275,17109.2520 
7794.73291,18679.3516 
7814.43164,20258.1406 
7819.49609,21805.8770 
7819.08545,23346.5391 
7824.21533,24915.3633 
7824.60254,26505.4023 
7829.51709,28106.4219 
7844.20459,29684.1621 
7851.86621,31265.9785 
7842.15039,32850.6680 
7840.39697,34406.8789 
7856.98779,35997.6133 
7852.38232,37610.4570 
7837.84814,39193.8672 
7847.53174,40742.6250 
7854.43848,42282.5117 
7852.45361,43834.5391 
7859.15381,45394.1445 
7858.01562,46926.6289 
7839.34717,48454.1602 
9389.70410,81.6395721 
9384.74512,1630.16199 
9385.99707,3194.00830 
9386.34961,4725.52393 
9371.79395,6283.48047 
9347.12012,7840.25049 
9326.80957,9362.30176 
9311.94922,10915.5947 
9296.75488,12455.4697 
9303.14160,13977.6064 
9331.72754,15547.9316 
9347.75391,17127.3945 
9354.43555,18694.4395 
9358.97852,20263.0645 
9353.53711,21801.6074 
9353.83301,23351.0703 
9363.01172,24921.6953 
9373.19434,26511.4688 
9380.78613,28115.1094 
9386.40918,29694.3809 
9394.58203,31264.1426 
9393.18555,32839.5078 
9391.06250,34417.4297 
9394.67773,36006.1094 
9386.48633,37592.8789 
9381.35645,39195.0781 
9391.98047,40756.4414 
9390.47461,42275.8125 
9377.65723,43830.2109 
9373.17090,45400.8711 
9373.76465,46918.8984 
9357.96191,48426.9883 
10948.4756,86.6964111 
10960.9678,1631.09338 
10948.0410,3184.45874 
10929.4053,4719.98730 
10927.2061,6267.83008 
10915.3418,7816.80859 
10908.0537,9354.69824 
10905.4199,10901.5312 
10881.1318,12436.7178 
10869.3066,13996.8789 
10889.8682,15573.0615 
10903.9512,17129.0039 
10903.9492,18696.3984 
10904.9023,20262.5684 
10904.1826,21796.6582 
10901.2725,23356.8750 
10908.5537,24934.7480 
10922.5254,26523.0352 
10933.5527,28121.1133 
10949.0029,29707.4492 
10972.4287,31278.6035 
10984.3418,32839.6406 
10979.8281,34411.9375 
10968.0361,35998.2695 
10961.8545,37585.8672 
10949.5029,39190.5234 
10923.7803,40750.9414 
10914.3232,42269.2070 
10919.0684,43823.0781 
10909.4814,45392.2617 
10897.3955,46914.5234 
10893.4766,48409.4414 
12486.3740,99.1085663 
12487.5967,1632.23413 
12476.6113,3158.30908 
12466.3359,4713.87305 
12467.3584,6270.37402 
12468.1035,7812.79346 
12465.3633,9353.69336 
12453.4688,10887.4785 
12442.0195,12413.9199 
12433.5605,13994.4883 
12431.8926,15591.1133 
12452.5059,17146.0918 
12470.5967,18698.7168 
12472.3594,20265.4746 
12475.2031,21794.2012 
12467.0469,23349.0840 
12461.0166,24941.6465 
12468.3828,26534.6914 
12478.1494,28135.2539 
12497.5391,29735.1992 
12525.4414,31301.4277 
12542.6914,32844.7852 
12551.1045,34406.1914 
12544.5820,35988.1250 
12532.2207,37577.9766 
12508.2764,39154.5938 
12466.0078,40719.9844 
12459.4209,42281.2266 
12477.3291,43828.9648 
12467.4092,45372.4023 
12452.6904,46910.5820 
12457.0967,48408.8828 
14034.4756,87.5271378 
14021.8115,1629.07849 
14036.5566,3164.33984 
14051.1777,4713.53223 
14033.1426,6257.22314 
14013.3730,7806.50049 
14004.1123,9341.70117 
13996.2773,10879.4951 
14004.0342,12420.9082 
14014.3232,13990.8320 
14008.0830,15588.6895 
14005.3340,17165.6074 
14014.5938,18706.3184 
14014.4844,20264.3906 
14014.3037,21796.5645 
14024.1943,23347.2109 
14036.3145,24948.5215 
14053.4736,26546.8086 
14065.5371,28139.9922 
14059.5342,29745.3848 
14057.3564,31320.0996 
14074.3330,32866.9688 
14100.0811,34417.8984 
14097.9346,35969.8477 
14075.0967,37561.2422 
14061.0283,39127.4492 
14040.3008,40692.8242 
14024.5723,42289.3516 
14025.9453,43834.4258 
14024.6221,45355.8750 
14017.8711,46908.2891 
14021.6230,48413.5547 
15584.2783,72.4928360 
15589.6016,1635.51843 
15595.4814,3182.33179 
15591.0654,4706.77734 
15580.9766,6236.09180 
15580.9541,7802.34326 
15590.4600,9342.23438 
15594.5908,10878.6826 
15583.9756,12422.6152 
15579.6611,13995.5264 
15586.6602,15583.3242 
15580.9805,17161.7734 
15579.5166,18711.7227 
15583.8838,20261.4531 
15586.0010,21804.2012 
15601.9482,23365.0449 
15613.1562,24961.0918 
15623.5410,26569.2891 
15646.4834,28151.4883 
15653.6650,29731.6230 
15636.5869,31310.9668 
15625.9043,32880.0664 
15628.4023,34429.8711 
15628.9365,35957.9141 
15624.8135,37548.1875 
15619.2188,39118.6758 
15611.6826,40672.3750 
15585.8906,42268.1680 
15562.4053,43834.5117 
15573.5518,45363.2188 
15584.8779,46907.7812 
15588.5586,48423.3984 
17155.6270,88.2298203 
17166.6387,1636.21375 
17144.1328,3165.43262 
17131.1055,4701.18506 
17139.3242,6240.99561 
17142.6562,7810.42383 
17145.1367,9351.06543 
17144.8164,10872.1475 
17140.3926,12411.1904 
17145.5703,14001.9932 
17149.4570,15586.4570 
17145.3281,17155.4473 
17145.0840,18716.9707 
17148.9844,20265.0977 
17156.1426,21814.4707 
17170.7500,23380.1367 
17182.9766,24964.3027 
17185.3809,26574.4355 
17180.6113,28165.5039 
17186.9004,29734.0801 
17188.3379,31298.7676 
17190.5293,32878.7812 
17194.2617,34428.0781 
17193.3984,35960.2461 
17194.9805,37545.2852 
17188.9004,39115.6719 
17190.9199,40667.4102 
17179.8164,42236.1836 
17154.6270,43822.4961 
17160.4453,45385.6797 
17174.9961,46909.4805 
17168.4395,48427.3242 
18714.1328,99.7329254 
18700.2715,1621.62500 
18691.8223,3151.72998 
18704.9434,4712.77148 
18717.4375,6243.10742 
18701.4629,7796.18945 
18681.9961,9347.96973 
18684.6836,10875.5508 
18702.2461,12424.9287 
18715.8281,14007.9746 
18706.9316,15577.1846 
18697.7656,17152.3379 
18696.5977,18716.5430 
18690.6582,20264.6875 
18694.6328,21826.8711 
18710.4336,23396.3848 
18730.0977,24984.2637 
18754.8457,26578.2695 
18760.1836,28159.1738 
18760.5918,29737.7871 
18759.3203,31298.0684 
18760.0781,32889.9688 
18766.2148,34430.4727 
18767.6875,35961.6680 
18770.2754,37542.0117 
18767.8711,39110.4922 
18761.3770,40665.1367 
18750.8008,42219.7227 
18741.9941,43812.0078 
18738.2402,45398.4023 
18748.1426,46915.2227 
18756.0449,48421.6133 
20261.5391,77.6477051 
20243.1699,1609.60449 
20245.0547,3160.74463 
20253.7422,4730.78467 
20269.9824,6250.36963 
20272.4961,7772.95752 
20251.4219,9335.08398 
20249.4199,10889.0186 
20258.9590,12438.5645 
20257.9238,14005.8555 
20254.3301,15566.3330 
20247.7539,17147.7324 
20242.3203,18713.0840 
20240.2793,20260.2480 
20247.0957,21842.3359 
20270.8770,23414.2695 
20286.1914,25002.3809 
20303.2969,26602.0020 
20327.6289,28171.6445 
20346.4336,29746.7344 
20355.7832,31293.9062 
20345.1855,32882.5352 
20329.6816,34427.1836 
20329.2188,35966.6367 
20336.9746,37548.4414 
20344.3789,39111.7773 
20346.3320,40656.5352 
20345.2090,42213.6445 
20340.9980,43801.9414 
20322.1484,45390.1523 
20320.2148,46932.0820 
20337.4316,48430.8984 
21816.8535,63.2936096 
21811.5566,1604.69470 
21813.1113,3163.38306 
21809.9082,4732.09033 
21807.3789,6265.98926 
21821.1309,7772.51807 
21823.5332,9319.73047 
21811.4102,10888.7275 
21801.8711,12434.7031 
21791.2305,14002.7705 
21798.3281,15571.5830 
21805.7930,17140.0488 
21803.7871,18713.6836 
21818.1660,20267.0156 
21829.1133,21857.1309 
21843.7988,23440.0098 
21867.1074,25017.6211 
21888.6348,26623.6953 
21909.6680,28190.9570 
21917.9375,29759.3008 
21920.4375,31296.3105 
21911.1406,32864.6016 
21899.0078,34419.6797 
21905.3262,35973.3672 
21909.1582,37550.0586 
21903.4004,39113.9883 
21907.6523,40664.6680 
21922.7539,42221.7578 
21924.1680,43790.6641 
21909.0742,45371.3672 
21897.5391,46936.4062 
21899.6270,48436.8438 
23373.4414,58.7814980 
23370.7891,1604.59143 
23375.7012,3169.75024 
23376.3770,4720.78906 
23355.4570,6258.19385 
23357.5742,7793.68262 
23380.1348,9321.55566 
23375.7891,10874.7852 
23361.5996,12418.9990 
23340.5957,13991.0596 
23341.7285,15591.1748 
23367.7520,17150.2988 
23387.4453,18728.8203 
23421.7051,20294.6289 
23442.9023,21860.0234 
23438.8789,23448.9355 
23447.6699,25038.7207 
23464.0059,26646.6270 
23479.1074,28204.8438 
23479.6055,29754.3848 
23466.2891,31286.2520 
23450.9023,32848.5508 
23444.7520,34422.5625 
23461.3887,35990.5781 
23479.8750,37552.3867 
23480.6074,39107.1562 
23474.1777,40670.6523 
23470.6738,42225.0859 
23457.0430,43778.1992 
23439.6465,45355.6406 
23425.1250,46930.1953 
23428.2617,48447.3398 
24948.3145,56.1861382 
24943.3086,1600.21252 
24934.4551,3172.00952 
24932.3438,4712.57129 
24923.1973,6240.81152 
24917.7207,7807.97070 
24924.0098,9330.68457 
24920.0000,10864.4619 
24908.9453,12404.8926 
24903.1562,13979.1768 
24914.2012,15610.8184 
24935.6445,17175.5039 
24962.4375,18758.7598 
24996.5957,20331.8496 
25022.8184,21870.3633 
25041.3301,23455.0957 
25057.1387,25048.6406 
25050.2988,26645.6172 
25033.5625,28204.5215 
25025.8887,29747.6758 
25028.5566,31281.1680 
25036.6953,32842.7695 
25038.4980,34426.4961 
25040.6543,36006.6445 
25046.1172,37563.3359 
25046.4258,39100.4453 
25033.0254,40660.8125 
25022.6797,42214.7305 
25009.3809,43759.0039 
24989.0938,45335.9570 
24969.5020,46915.7891 
24952.5566,48449.8906 
26541.5820,55.0560417 
26531.0273,1587.16345 
26517.9199,3162.95703 
26503.6973,4706.54736 
26492.8613,6231.75000 
26483.6074,7803.15186 
26479.1426,9331.04004 
26480.2324,10855.1846 
26471.8691,12396.6211 
26481.2676,13995.3682 
26505.2754,15629.7285 
26514.4199,17190.7930 
26528.4824,18785.7070 
26549.5977,20359.1465 
26582.5449,21900.6582 
26621.8457,23483.3359 
26637.2070,25053.2598 
26627.7656,26625.3184 
26611.6719,28188.4082 
26601.8594,29745.0918 
26605.6387,31294.4180 
26617.7441,32852.8750 
26621.6699,34424.8789 
26615.2773,36000.7852 
26612.1836,37565.7891 
26617.0391,39093.5117 
26599.8262,40641.0391 
26574.4453,42203.1016 
26554.5469,43739.9531 
26537.4609,45319.9102 
26530.5020,46901.0000 
26514.7539,48429.4062 
28110.2988,43.4425468 
28094.0312,1574.56592 
28077.5723,3143.51147 
28047.4551,4683.75049 
28037.1387,6226.71582 
28037.6387,7795.22607 
28034.0645,9335.85547 
28047.2480,10862.7939 
28060.3262,12397.9658 
28069.2188,14011.9824 
28072.7480,15638.4004 
28076.1934,17195.9355 
28081.2266,18795.5371 
28085.9961,20380.8574 
28117.6133,21946.8516 
28152.4492,23508.9316 
28161.0039,25052.2324 
28165.3652,26619.7090 
28164.9238,28179.0977 
28158.1445,29739.2637 
28156.8672,31298.5059 
28155.1543,32855.8867 
28154.2617,34426.0039 
28161.0879,36000.1250 
28166.5000,37574.5312 
28173.8828,39095.9297 
28163.3203,40609.4727 
28126.6406,42171.9570 
28109.2266,43725.9961 
28110.8867,45313.1758 
28096.7656,46890.2266 
28079.4863,48413.7227 
29659.1035,21.3558292 
29637.4512,1559.66931 
29618.7793,3118.25635 
29597.1895,4664.44824 
29599.4902,6236.93213 
29608.8594,7792.99854 
29607.6934,9335.64258 
29607.1719,10874.5703 
29616.4590,12413.0605 
29632.0664,14017.5391 
29634.1113,15638.6475 
29644.8203,17208.2168 
29654.1250,18794.1191 
29647.1660,20383.6426 
29644.9160,21969.7266 
29649.9121,23524.5332 
29669.3516,25068.0684 
29696.0918,26632.8867 
29708.4102,28177.9668 
29716.2344,29741.6758 
29723.7207,31300.1719 
29716.3145,32847.0117 
29706.6875,34428.2461 
29707.2812,36004.4375 
29689.0059,37562.9492 
29666.9336,39096.3086 
29675.2754,40598.7109 
29669.6094,42147.0938 
29668.0762,43738.1094 
29684.8242,45311.3125 
29665.1270,46860.5703 
29650.1836,48408.6680 
31226.2656,0.31822019
31206.5703,1539.57141 
31180.3496,3094.36621 
31157.6914,4651.31494 
31151.1973,6244.21826 
31160.4863,7803.29346 
31178.0293,9341.46875 
31185.0938,10872.9697 
31193.0781,12428.6260 
31208.0957,14027.9424 
31207.7070,15639.6660 
31211.9980,17222.4551 
31222.0781,18796.8457 
31229.1777,20380.6172 
31228.5098,21962.6973 
31221.7500,23529.4551 
31234.6758,25095.5000 
31257.2129,26656.2383 
31281.1719,28195.2988 
31302.3301,29753.8281 
31300.0938,31294.8418 
31288.1387,32833.5156 
31274.5137,34417.6055 
31250.2949,35988.5859 
31221.7012,37528.1016 
31196.8438,39087.5234 
31199.1113,40614.5039 
31203.7461,42136.2031 
31194.8184,43745.4961 
31204.0938,45320.1172 
31216.7637,46849.3398 
31224.3066,48415.6992 
32790.7734,99995.7344 
32787.5586,1516.51270 
32760.9609,3065.34131 
32745.0156,4637.84473 
32734.9551,6240.95215 
32727.5840,7812.73438 
32730.0566,9355.88867 
32751.8398,10889.8096 
32780.7969,12447.1621 
32788.4180,14029.4590 
32785.0703,15635.8457 
32790.4844,17232.2031 
32801.8594,18808.2012 
32812.0078,20390.0723 
32813.2266,21958.0996 
32813.0820,23531.7090 
32824.7812,25111.0156 
32835.7500,26672.8223 
32854.0703,28222.2109 
32873.5508,29762.9629 
32872.5352,31284.1035 
32868.6523,32827.5234 
32851.4180,34390.3320 
32812.2148,35955.7383 
32791.5469,37509.7617 
32776.2227,39068.2812 
32753.4336,40613.0625 
32758.9023,42139.8750 
32768.3750,43742.1445 
32764.3320,45332.8203 
32773.0195,46863.7539 
32779.7812,48420.2109 
34329.9648,17.8389397 
34345.2422,1506.68665 
34341.7852,3053.15405 
34344.2305,4631.63184 
34331.7695,6222.91162 
34314.0898,7799.98193 
34309.0117,9364.24121 
34333.3594,10926.1611 
34357.7578,12463.1777 
34360.8945,14029.7695 
34369.9961,15642.2275 
34373.5117,17238.1992 
34373.4531,18814.8711 
34374.2422,20391.0137 
34373.5703,21956.2598 
34381.4141,23543.0195 
34395.1914,25125.0762 
34406.3086,26682.8867 
34415.9102,28239.9863 
34428.1406,29774.3145 
34437.5938,31283.5840 
34430.4102,32817.2734 
34409.4570,34359.8477 
34388.0820,35926.0469 
34363.3398,37493.7695 
34337.2266,39043.7930 
34320.0508,40602.3438 
34329.0586,42162.5273 
34343.6875,43740.6133 
34325.1680,45316.8906 
34305.6172,46863.5273 
34305.4570,48427.6406 
35859.0938,38.4564247 
35865.5664,1510.51233 
35875.2539,3061.18457 
35894.4297,4639.82275 
35915.8242,6220.85986 
35928.8906,7796.29736 
35929.2500,9368.40820 
35927.8281,10945.2715 
35933.2734,12470.4746 
35943.9258,14036.9600 
35944.1680,15644.1270 
35935.3242,17232.7715 
35936.5977,18816.8887 
35942.7031,20395.1055 
35956.3633,21965.4004 
35962.8906,23548.2324 
35956.5820,25130.6406 
35957.7617,26689.7012 
35953.7500,28242.0078 
35953.5000,29786.3379 
35963.0312,31286.9688 
35954.2930,32799.9297 
35948.4297,34351.8945 
35952.4648,35912.5469 
35928.9062,37458.0898 
35895.0664,39019.3828 
35878.6836,40595.4844 
35872.0781,42172.7500 
35874.5664,43741.3906 
35873.0859,45297.8984 
35866.1367,46853.3555 
35864.9062,48435.5547 
37388.2344,28.1471500 
37386.1406,1522.53235 
37416.4531,3086.40088 
37457.7500,4674.67090 
37495.2383,6248.84521 
37517.7422,7808.73877 
37533.7891,9365.52441 
37524.2344,10933.9756 
37516.6680,12482.5430 
37531.1875,14045.0723 
37523.0664,15629.7607 
37518.7773,17235.1816 
37527.0938,18822.4688 
37529.7500,20404.6328 
37546.7188,21983.6270 
37557.8906,23543.1836 
37548.4883,25121.0684 
37534.7383,26682.3965 
37516.2930,28226.9941 
37502.1875,29787.6484 
37494.6992,31283.9570 
37485.1367,32790.6523 
37487.9609,34360.9219 
37495.1211,35912.3867 
37495.9688,37436.6133 
37486.7266,38997.7773 
37468.9180,40580.5078 
37454.4727,42164.1602 
37442.5391,43739.9570 
37441.3359,45300.8711 
37452.9375,46856.7773 
37461.7188,48440.0469 
38937.5977,1.46099102 
38928.9922,1540.65454 
38956.9375,3128.73438 
38996.5039,4717.50049 
39034.0000,6277.69580 
39068.3281,7838.93408 
39104.6094,9386.33594 
39112.9922,10916.4268 
39100.9453,12482.9229 
39103.5234,14051.3994 
39110.2422,15623.9463 
39114.2344,17240.9336 
39111.7188,18821.5625 
39112.4922,20411.2461 
39118.3477,21999.7617 
39124.1953,23546.8613 
39119.9492,25106.7324 
39101.2422,26665.3633 
39094.2344,28213.5039 
39083.8008,29772.9805 
39071.0273,31273.5703 
39071.5469,32788.3477 
39065.1875,34360.2656 
39052.8984,35913.6211 
39054.6172,37443.1914 
39057.8438,38988.4570 
39049.6250,40565.9102 
39040.2656,42151.4375 
39030.6836,43728.8008 
39029.7109,45307.8359 
39039.5391,46871.9258 
39045.9531,48440.7227 
40540.9219,99981.9531 
40541.1523,1547.30298 
40548.2070,3149.54297 
40558.2344,4748.40088 
40587.6172,6317.14941 
40615.4453,7867.61035 
40624.0859,9406.13770 
40648.5625,10927.1416 
40675.3945,12485.1113 
40683.8984,14060.9102 
40698.1094,15636.1494 
40699.4297,17236.0938 
40692.5625,18820.2344 
40697.9375,20414.0938 
40685.7617,21990.2207 
40671.2930,23545.8086 
40661.3281,25089.7676 
40638.8008,26652.0918 
40638.6680,28218.2871 
40643.1797,29763.4238 
40649.7344,31280.9434 
40665.3086,32791.2617 
40649.6836,34335.4062 
40615.6211,35893.1016 
40590.2500,37439.1797 
40588.3438,38992.0664 
40606.2227,40568.8164 
40621.7969,42151.5820 
40631.1484,43729.1641 
40625.9805,45305.6133 
40610.4883,46871.2266 
40602.4258,48435.2109 
42125.0078,99987.6484 
42144.5312,1562.06750 
42160.7227,3155.28271 
42162.6289,4752.89893 
42153.7773,6332.00635 
42153.2461,7874.85840 
42169.1484,9422.23633 
42202.3906,10969.3662 
42228.6836,12503.0537 
42235.0977,14067.5371 
42240.4648,15643.5488 
42237.7148,17226.6133 
42234.9102,18822.4648 
42233.7266,20412.0957 
42220.4688,21970.7051 
42206.3086,23536.5801 
42190.3203,25067.2227 
42161.7695,26629.5117 
42146.7344,28224.0137 
42154.4531,29770.6621 
42163.4922,31294.9160 
42167.3086,32794.2930 
42164.4141,34312.9844 
42147.7461,35861.3242 
42123.8242,37419.1016 
42120.9727,39006.8438 
42144.3633,40598.0625 
42174.6758,42173.7227 
42188.2969,43729.4531 
42170.6719,45282.7695 
42155.5312,46858.7812 
42153.0664,48430.6133 
43740.0391,1.71521652 
43748.2500,1576.17065 
43750.6445,3164.26343 
43749.4805,4745.18359 
43734.8086,6315.27588 
43731.1797,7887.92285 
43755.2422,9450.35645 
43764.1016,10983.4053 
43760.0977,12508.5029 
43768.6953,14075.4688 
43776.0938,15647.2256 
43782.7266,17228.3398 
43785.5938,18819.6250 
43767.1562,20395.2500 
43742.1719,21952.2656 
43724.4766,23522.4355 
43715.6719,25051.6230 
43709.5508,26607.0996 
43688.3008,28212.1230 
43671.8164,29775.2773 
43666.6328,31293.1953 
43661.1484,32794.0977 
43666.4258,34315.1562 
43670.4375,35851.2461 
43676.4766,37414.8867 
43687.4961,39015.0938 
43693.4805,40616.2969 
43707.3008,42196.0273 
43717.1445,43727.4062 
43716.2734,45271.7773 
43725.3828,46864.6992 
43731.8984,48429.0938 
45315.2227,15.6736021 
45326.8594,1577.86462 
45323.8555,3156.76636 
45311.8867,4737.66699 
45307.6562,6305.57568 
45300.6250,7892.00635 
45295.2227,9460.64355 
45294.3789,10979.1328 
45299.1719,12513.7549 
45301.9141,14080.8574 
45297.9727,15649.8271 
45301.7695,17235.8750 
45297.4453,18808.7988 
45279.1992,20369.8711 
45265.2617,21935.4258 
45261.7539,23514.9785 
45264.2930,25056.1641 
45271.7891,26603.2285 
45257.6172,28180.9180 
45221.7148,29753.4961 
45202.2852,31286.3574 
45201.8984,32795.7969 
45207.3008,34321.2891 
45212.4766,35856.9648 
45227.3320,37434.5312 
45251.4688,39030.1133 
45270.0195,40627.2383 
45285.8672,42209.8906 
45294.2969,43730.6719 
45298.0820,45277.6328 
45299.0391,46871.5273 
45295.3945,48427.3320 
46860.0938,26.9032001 
46866.8633,1590.11389 
46880.3867,3153.55981 
46877.2617,4729.59229 
46872.0938,6302.26904 
46861.7852,7876.72510 
46843.3320,9449.93164 
46833.7734,10981.5498 
46837.7852,12519.4316 
46838.7734,14074.8164 
46839.2695,15650.8945 
46844.3633,17237.5723 
46842.1367,18797.2461 
46834.3594,20358.1270 
46828.9414,21933.1719 
46825.9219,23514.0078 
46819.8672,25056.4922 
46817.3984,26604.8477 
46809.5742,28158.6191 
46786.1680,29722.2441 
46764.5781,31276.2539 
46759.2109,32798.9805 
46762.1953,34327.7852 
46777.2031,35869.9258 
46801.6680,37457.4023 
46828.0508,39053.7266 
46843.3047,40641.7109 
46848.9648,42222.4180 
46861.1211,43738.1523 
46865.8125,45276.1836 
46853.0664,46859.6016 
46840.7773,48422.9570 
48420.5469,18.5599823 
48413.1172,1598.29187 
48416.5625,3160.21216 
48413.9180,4722.80957 
48406.7930,6296.12988 
48403.1367,7866.67822 
48395.7656,9432.71484 
48378.3477,10973.4551 
48376.1055,12526.5049 
48387.2422,14081.1846 
48394.6797,15655.9912 
48394.7930,17241.7305 
48402.7461,18799.8965 
48405.3164,20350.8008 
48397.9648,21926.0059 
48389.8242,23506.2031 
48388.9023,25055.2207 
48388.4531,26596.6230 
48362.7266,28136.2402 
48336.6055,29698.8203 
48318.2305,31262.0918 
48309.8672,32795.9805 
48312.7188,34336.0938 
48331.7734,35896.9414 
48358.4570,37487.0273 
48385.4883,39079.1641 
48400.8984,40641.6250 
48388.7422,42220.7695 
48386.6055,43750.4727 
48393.8359,45274.1758 
48395.0859,46849.1523 
48403.8359,48426.7109 
60.4126625,50046.5625 
48.3572388,51581.3164 
33.7831306,53117.2930 
24.6420803,54685.4336 
16.5114708,56259.8828 
22.8608570,57828.1406 
25.2948952,59398.5781 
18.3230953,60941.0391 
26.0439472,62452.2617 
43.8094215,64001.0938 
43.2031136,65561.1172 
15.8170433,67123.1172 
4.72803783,68737.9297 
8.84381771,70312.0781 
99990.1953,71851.2578 
99971.6250,73409.3828 
99967.6797,74948.9062 
99959.7422,76458.8438 
99959.3203,77980.8359 
99959.9062,79566.4609 
99959.5938,81148.2578 
99965.2891,82734.2891 
99967.3984,84318.8906 
99983.9297,85898.7031 
11.6198559,87483.7031 
20.7094765,89066.8359 
4.93266487,90627.2656 
99991.5703,92210.3750 
12.5191526,93785.2500 
43.1784592,95370.2422 
54.4198723,96969.3750 
49.6890678,98578.4297 
1612.23022,50037.4727 
1604.29993,51569.8047 
1601.84448,53112.1836 
1599.51233,54673.8164 
1584.86426,56248.7695 
1571.20142,57828.8320 
1560.44836,59386.8867 
1553.82007,60938.7969 
1569.04370,62474.4883 
1592.00317,64017.1641 
1591.13892,65544.2422 
1580.14404,67105.0156 
1573.19446,68732.0078 
1547.21899,70292.4062 
1522.39746,71831.1250 
1517.80359,73404.3047 
1506.15491,74935.8906 
1491.50818,76455.8203 
1503.44092,77998.3125 
1522.31189,79574.3906 
1535.56226,81154.4453 
1542.89563,82733.9062 
1537.36279,84316.6797 
1539.46655,85920.9141 
1560.16541,87507.6172 
1568.24634,89060.6172 
1558.13440,90609.5156 
1561.94250,92219.9141 
1576.81750,93811.5938 
1591.19067,95392.6016 
1615.16211,96977.2031 
1627.04077,98575.4219 
3149.84717,50026.5352 
3144.06494,51569.4570 
3146.40698,53114.9805 
3147.68481,54670.4844 
3141.51440,56232.6953 
3128.14673,57814.5781 
3122.92822,59383.5234 
3134.98413,60949.8906 
3143.20020,62488.4414 
3133.43140,64018.4961 
3129.32471,65540.3594 
3139.96631,67108.1562 
3132.85327,68713.3516 
3109.80518,70263.2812 
3104.74194,71826.9531 
3103.85840,73400.2031 
3089.82959,74916.7344 
3077.82397,76450.4688 
3076.57007,78008.8672 
3088.43628,79591.6875 
3112.61084,81173.8438 
3125.76978,82738.0469 
3130.48511,84314.2500 
3133.87402,85926.7578 
3126.88306,87512.9297 
3112.32129,89053.4844 
3115.49463,90615.1875 
3135.43042,92234.1641 
3147.02661,93817.7969 
3158.56567,95410.4688 
3183.46509,97008.9922 
3205.12158,98581.8359 
4729.09570,50007.2109 
4704.75342,51560.2578 
4691.68652,53113.1641 
4684.78809,54666.2852 
4680.22998,56228.3320 
4680.88574,57808.8750 
4678.30273,59386.2695 
4677.23047,60958.3125 
4670.17139,62475.5664 
4652.98535,64003.3555 
4660.31445,65558.0391 
4681.27930,67114.3125 
4668.84033,68691.3984 
4663.57129,70262.8516 
4672.75000,71829.0781 
4657.63428,73384.1953 
4640.53418,74903.3828 
4636.26709,76448.7266 
4651.70166,78023.0469 
4682.90283,79617.9609 
4699.55225,81187.0234 
4696.05322,82739.5156 
4702.33350,84325.3906 
4708.47021,85922.5703 
4691.26904,87489.5703 
4675.44141,89044.1484 
4687.62207,90637.8906 
4715.71240,92257.7500 
4742.18799,93836.8906 
4759.58496,95423.3984 
4762.38623,97025.6094 
4769.57422,98583.7500 
6296.20557,49993.0977 
6274.97217,51532.3477 
6253.49121,53102.4336 
6240.65527,54655.5039 
6226.17334,56222.5000 
6214.23682,57805.5820 
6208.11475,59380.5586 
6200.62646,60952.3750 
6201.91846,62472.5273 
6211.98096,63999.6875 
6205.75293,65570.2656 
6205.87256,67121.3203 
6212.88281,68682.5156 
6215.95068,70271.3125 
6216.24561,71823.6875 
6207.60889,73367.1172 
6204.42432,74897.8438 
6208.37207,76454.9062 
6222.60156,78049.8281 
6237.53223,79638.8906 
6244.73486,81188.6016 
6250.29443,82738.5859 
6250.75439,84331.9766 
6248.76611,85918.3203 
6251.39307,87482.1484 
6262.33057,89049.5859 
6275.74170,90658.6094 
6291.47217,92279.6094 
6300.92383,93854.9766 
6310.91748,95428.6719 
6316.18555,97028.6562 
6317.41992,98585.2500 
7825.04248,49987.5859 
7819.73291,51514.4961 
7811.16064,53087.6523 
7798.76221,54641.6055 
7786.94775,56204.9805 
7766.91846,57789.5117 
7748.67676,59373.2773 
7735.61230,60944.1172 
7734.39307,62488.6523 
7753.00195,64006.5078 
7742.79785,65546.6562 
7723.94092,67124.8516 
7733.35791,68693.2891 
7738.57227,70272.4219 
7746.85205,71826.5781 
7754.55420,73365.5859 
7754.56836,74902.5156 
7769.20508,76468.7031 
7788.62793,78061.5469 
7795.37354,79642.6406 
7803.37842,81201.2734 
7814.19678,82743.3203 
7809.60449,84325.2109 
7806.23486,85919.2578 
7813.43164,87494.4219 
7827.52881,89064.3359 
7845.27979,90674.2031 
7855.92969,92285.1953 
7851.65088,93857.5781 
7867.42139,95448.6562 
7881.23047,97026.0469 
7856.62598,98568.4844 
9333.20605,49975.4688 
9335.02051,51520.5703 
9345.82227,53083.9258 
9343.60156,54635.2461 
9344.28613,56199.1016 
9338.08496,57766.8633 
9312.43066,59350.2188 
9291.01758,60928.3672 
9275.99316,62488.6953 
9272.16309,64017.9336 
9284.14355,65537.2188 
9284.79980,67119.6328 
9280.77441,68698.5156 
9287.52637,70281.1094 
9304.76367,71843.6797 
9310.80566,73363.6953 
9310.98145,74908.0781 
9331.40820,76495.6172 
9361.46875,78085.4375 
9385.86035,79652.2266 
9391.39062,81206.8828 
9391.62793,82744.8281 
9394.59570,84322.6719 
9397.77051,85921.9219 
9398.65527,87500.1406 
9404.67285,89079.4609 
9414.94824,90688.2109 
9415.06445,92283.9062 
9415.69141,93858.8672 
9418.94238,95465.9844 
9413.37891,97015.2031 
9399.94824,98541.7578 
10882.2510,49962.8750 
10879.4697,51530.5938 
10878.7412,53084.7578 
10871.2871,54630.5859 
10870.2773,56203.7461 
10878.6904,57761.5898 
10876.8154,59330.2188 
10863.0469,60915.5352 
10851.3906,62472.8125 
10841.4971,64019.8945 
10852.6318,65554.1172 
10863.3916,67117.5391 
10866.6982,68701.1484 
10878.2471,70294.5156 
10881.5254,71849.8438 
10879.0762,73363.9922 
10896.0146,74927.0391 
10921.3281,76518.3281 
10932.6045,78106.9062 
10944.2188,79667.6172 
10954.0684,81209.2500 
10963.4668,82750.8984 
10968.7646,84326.2031 
10969.7432,85924.0391 
10972.9365,87501.2500 
10978.8848,89087.2500 
10980.2900,90684.3281 
10967.4727,92279.8281 
10968.1094,93863.4453 
10952.5508,95447.5469 
10926.4795,97004.7188 
10933.3408,98545.6875 
12453.2031,49953.9648 
12444.5576,51525.9336 
12436.2490,53075.5859 
12433.8340,54627.3477 
12434.4707,56206.9102 
12438.4463,57772.4570 
12440.7451,59320.4336 
12420.1475,60896.8359 
12404.7744,62464.3594 
12402.5947,64020.7734 
12407.8398,65566.9531 
12419.2686,67126.5312 
12435.3438,68714.4844 
12441.3379,70298.2266 
12433.2070,71843.2656 
12434.8838,73371.1484 
12451.5664,74954.6797 
12478.7373,76539.0859 
12498.3916,78112.9062 
12504.4883,79674.7891 
12513.3438,81221.8125 
12532.2998,82764.0234 
12544.3223,84326.7109 
12543.9678,85925.9375 
12545.1270,87506.5781 
12550.7256,89096.9453 
12553.5986,90676.9375 
12535.9746,92262.8438 
12513.9854,93853.5625 
12488.1172,95415.1719 
12471.2588,96999.3906 
12481.0488,98560.5234 
14022.0068,49944.7578 
14012.4482,51518.7656 
14011.0459,53075.6484 
14017.5361,54631.1016 
14014.9346,56201.9141 
14008.3701,57774.6562 
14010.8086,59315.8281 
14013.3643,60881.8984 
14007.4170,62454.9805 
13993.8320,64016.3672 
13988.4551,65572.0156 
13990.3604,67138.1641 
13994.9697,68723.9531 
13991.0146,70288.1953 
13985.3906,71841.3203 
13997.3291,73383.0156 
14005.4932,74968.8906 
14015.2285,76566.2812 
14040.5439,78134.7578 
14063.2178,79684.6719 
14080.1426,81239.0312 
14107.0664,82791.9297 
14134.4375,84336.6875 
14132.1611,85917.9609 
14119.5176,87502.6250 
14110.6426,89094.3672 
14098.7002,90668.0859 
14090.2549,92244.1016 
14077.0137,93831.3359 
14059.5039,95393.8750 
14053.3340,97001.6016 
14051.5889,98562.7578 
15602.0977,49944.6172 
15594.4951,51505.8086 
15585.1445,53079.7188 
15597.4053,54638.8516 
15608.1670,56198.1250 
15607.3760,57772.1562 
15608.7598,59324.8555 
15617.4150,60889.1328 
15612.9004,62442.7422 
15598.7373,64002.4453 
15586.7432,65564.6016 
15570.9756,67130.3516 
15562.4990,68724.7344 
15571.4131,70290.0859 
15585.4287,71852.2031 
15602.1953,73398.7031 
15613.2715,74967.9922 
15604.5684,76566.8281 
15596.4404,78151.6719 
15609.6416,79706.0625 
15625.7705,81255.8984 
15634.2715,82816.0781 
15646.9062,84350.0469 
15651.8457,85908.1016 
15653.2236,87498.8438 
15655.3770,89085.6562 
15648.5381,90658.9922 
15640.4727,92239.0391 
15628.6357,93818.3672 
15620.3789,95385.6953 
15613.4922,96995.3047 
15595.2559,98545.5312 
17171.6250,49953.5234 
17174.8262,51494.0938 
17177.7578,53086.8828 
17199.3867,54663.9922 
17226.8945,56211.9336 
17237.3750,57770.5234 
17239.1855,59326.5820 
17228.6328,60879.1016 
17201.1562,62425.4023 
17184.9570,63991.5742 
17172.6152,65550.8984 
17165.1309,67118.5469 
17161.2617,68724.8281 
17157.5684,70299.0391 
17152.3496,71859.1094 
17159.7812,73418.8594 
17191.2891,74984.0234 
17205.1270,76554.7188 
17192.3555,78143.3828 
17182.8613,79714.4922 
17177.8516,81257.2109 
17171.2598,82815.9688 
17173.6016,84361.2812 
17193.5000,85921.4062 
17212.3906,87507.2266 
17213.6777,89084.3125 
17207.6074,90649.4531 
17190.7227,92220.0938 
17169.7910,93803.9062 
17163.0469,95381.2891 
17150.7617,96978.2188 
17137.9844,98536.9375 
18755.7598,49958.7188 
18766.8809,51504.4258 
18783.5918,53098.4531 
18786.5098,54681.2148 
18794.9102,56231.7109 
18808.0527,57779.3906 
18816.7637,59330.7734 
18811.0547,60854.8242 
18787.6816,62398.3906 
18768.0684,63975.6836 
18755.4805,65542.7891 
18755.3281,67118.8281 
18744.8770,68713.1484 
18727.8242,70286.4297 
18724.7070,71854.6406 
18735.8320,73439.9688 
18748.1660,75009.4688 
18751.9941,76555.1172 
18747.7305,78129.2500 
18727.3574,79697.0078 
18704.4688,81245.9531 
18696.2422,82812.3359 
18695.3301,84370.3125 
18712.0254,85949.5547 
18737.3672,87518.8750 
18742.0645,89079.2969 
18744.6855,90646.0938 
18745.0879,92204.2812 
18734.2168,93793.6562 
18731.6270,95379.5078 
18730.2129,96963.3438 
18721.1973,98536.6953 
20336.5156,49956.8555 
20336.9414,51522.0977 
20353.7188,53108.9805 
20354.0430,54674.1172 
20346.9141,56236.3555 
20342.5195,57780.4766 
20329.2266,59327.0547 
20326.0000,60850.0859 
20343.1602,62394.9141 
20353.1367,63966.2109 
20349.8086,65538.6016 
20340.7910,67109.1016 
20315.3809,68689.5859 
20299.3496,70284.0391 
20313.1055,71872.0781 
20321.6113,73442.0391 
20298.9590,74995.9375 
20290.8438,76556.8125 
20293.6738,78120.8281 
20275.7402,79671.1172 
20257.3262,81229.4141 
20246.8848,82806.6719 
20244.6758,84371.6953 
20247.3594,85967.7500 
20257.3945,87536.9531 
20278.4004,89091.0547 
20302.0957,90660.2812 
20315.6309,92202.1875 
20307.9863,93779.6094 
20291.0156,95377.6250 
20286.0918,96962.5703 
20281.3203,98523.7422 
21898.5176,49946.3828 
21886.3438,51522.6484 
21876.8887,53115.8711 
21874.0664,54669.6992 
21872.6191,56232.7891 
21872.2930,57772.2852 
21867.9922,59315.4492 
21872.9844,60867.0000 
21901.3516,62424.6914 
21921.6719,63971.8477 
21921.8652,65533.2422 
21914.9375,67093.0625 
21899.7832,68663.0391 
21873.8340,70270.6953 
21850.5801,71874.8203 
21835.5098,73428.5000 
21831.3242,74986.1797 
21843.5605,76566.2188 
21831.3750,78103.4062 
21806.3672,79653.8203 
21801.9395,81221.6016 
21799.1191,82803.8828 
21807.8906,84377.3125 
21806.7871,85960.1250 
21793.2461,87543.6328 
21805.4648,89117.7969 
21822.5801,90680.3750 
21840.8203,92216.7109 
21861.8223,93772.6953 
21852.2207,95355.1641 
21828.5840,96952.6484 
21820.2109,98517.7500 
23442.7266,49947.1875 
23437.6250,51502.7188 
23414.4805,53098.3008 
23402.4102,54667.3438 
23402.9629,56234.7305 
23405.9531,57775.8281 
23409.1172,59316.0586 
23412.2129,60878.7969 
23420.1191,62445.1484 
23434.2480,63983.3789 
23447.6816,65534.8555 
23451.9785,67090.6016 
23449.0703,68649.1484 
23429.8086,70240.0312 
23398.2031,71846.6094 
23375.9746,73417.8438 
23371.8203,74994.5703 
23363.7207,76561.8594 
23346.4805,78076.3750 
23339.1621,79646.1172 
23339.8867,81220.8203 
23338.7871,82806.0625 
23347.6621,84391.1484 
23357.5391,85952.8750 
23357.9297,87538.9609 
23351.4863,89120.8672 
23336.2422,90680.3359 
23340.5137,92241.3984 
23368.0469,93794.9375 
23388.5742,95348.0781 
23390.3418,96939.7031 
23380.6680,98512.0625 
24948.0957,49955.5430 
24960.4629,51500.5938 
24970.2109,53088.4219 
24965.4648,54662.1758 
24956.4004,56233.0039 
24956.1035,57778.0117 
24962.5801,59320.2539 
24974.7480,60885.6367 
24983.6602,62452.2852 
24991.0273,63999.1016 
24999.2773,65543.2422 
24995.9746,67088.1797 
24987.4395,68638.5078 
24974.3184,70217.4141 
24955.7656,71820.7891 
24936.6758,73402.6562 
24913.0293,74975.3906 
24881.2949,76542.3047 
24882.5371,78081.2891 
24898.4980,79651.0078 
24899.1621,81220.3203 
24902.4277,82808.5391 
24902.5430,84397.3984 
24903.5586,85962.2734 
24915.9316,87545.0312 
24922.0117,89109.1484 
24922.8613,90674.9375 
24938.6680,92259.6328 
24956.0371,93817.4062 
24968.8223,95362.0312 
24966.0078,96931.8906 
24951.2539,98500.7188 
26501.7070,49957.8984 
26514.6582,51521.4297 
26525.7285,53091.7539 
26516.2578,54647.6992 
26506.1777,56227.6641 
26513.9336,57787.5625 
26526.8535,59333.7773 
26541.6055,60902.6523 
26553.2773,62458.1562 
26555.8105,64002.5898 
26551.9434,65538.0625 
26540.9922,67079.0938 
26538.2129,68635.1172 
26546.1113,70213.3125 
26547.5547,71806.3828 
26530.9570,73382.8516 
26506.4727,74943.2344 
26481.4551,76522.6406 
26480.5996,78097.9375 
26488.8027,79654.3359 
26484.0977,81219.4297 
26484.8770,82813.3359 
26486.0977,84391.1875 
26477.9707,85960.4453 
26477.2656,87557.9531 
26492.3848,89121.7578 
26513.3105,90693.9531 
26533.5801,92279.7109 
26545.3848,93827.7969 
26551.8027,95364.1562 
26547.8809,96917.4375 
26542.2480,98495.7344 
28076.0059,49959.1445 
28083.1504,51533.2383 
28086.6094,53089.7891 
28086.9258,54642.2227 
28095.9473,56234.4922 
28109.0527,57800.5234 
28119.0918,59341.5742 
28122.8848,60909.8711 
28118.1719,62459.0742 
28110.9805,64002.0039 
28109.1387,65533.1523 
28109.6914,67073.4219 
28110.1367,68639.0938 
28113.7422,70225.0703 
28117.9043,71801.8359 
28106.3320,73361.7734 
28094.6523,74926.5156 
28094.9336,76515.1797 
28097.8086,78105.0469 
28099.4043,79652.7109 
28085.7930,81206.9375 
28069.1973,82812.5391 
28071.1836,84394.3516 
28076.0859,85955.2969 
28070.9590,87558.1016 
28065.9980,89132.5703 
28068.3691,90707.1328 
28074.0859,92290.7812 
28090.6777,93841.6484 
28112.1250,95374.6797 
28121.8145,96917.7656 
28122.6523,98494.2969 
29659.4629,49966.8516 
29668.6562,51542.1328 
29677.5801,53093.1602 
29683.9609,54648.3555 
29685.0566,56240.6680 
29678.0840,57808.7070 
29691.6543,59358.1992 
29710.2969,60910.7695 
29701.6484,62443.0742 
29686.0215,63991.3594 
29683.2988,65536.0938 
29697.1250,67084.2734 
29711.6250,68639.8984 
29703.1582,70218.6875 
29689.7480,71797.4297 
29689.0957,73355.5938 
29696.9863,74932.4844 
29707.6875,76521.0625 
29703.3652,78102.2344 
29692.4688,79644.8125 
29680.4551,81186.1406 
29667.5234,82801.2500 
29659.6406,84396.2969 
29653.1543,85953.6719 
29641.8496,87545.4922 
29624.1602,89123.3984 
29616.5449,90707.2891 
29622.7637,92304.6562 
29650.7246,93872.4141 
29671.9258,95387.7188 
29672.4668,96919.7266 
29674.2422,98488.5391 
31228.6309,49972.6211 
31227.3086,51547.4336 
31231.7422,53102.7344 
31242.7188,54655.9453 
31241.0391,56225.9570 
31216.8320,57794.0195 
31209.0000,59376.5742 
31217.6699,60918.1484 
31221.0508,62436.9531 
31235.6309,63996.5586 
31257.5645,65547.8359 
31271.3848,67101.5234 
31279.3301,68645.7109 
31273.7480,70202.0469 
31263.6289,71791.2969 
31266.9043,73362.1797 
31272.1777,74942.0000 
31277.0879,76522.5938 
31268.7617,78086.7578 
31256.0156,79637.3047 
31263.9238,81187.3594 
31275.6680,82798.6953 
31266.4922,84382.7656 
31247.3125,85940.1797 
31229.1133,87525.4297 
31204.1836,89105.3438 
31192.3008,90705.8750 
31197.2168,92318.4531 
31206.1895,93892.9062 
31207.6172,95389.1328 
31216.3359,96928.3359 
31232.2207,98491.1094 
32786.7461,49974.7578 
32792.2656,51545.3594 
32785.1016,53102.7695 
32774.9414,54658.4375 
32770.9727,56219.5469 
32781.5352,57785.1641 
32787.5586,59375.3672 
32783.6094,60919.0547 
32787.7773,62446.0898 
32796.7500,64018.1719 
32810.0156,65567.4219 
32820.1875,67106.9062 
32818.3594,68642.9453 
32813.4961,70194.4922 
32814.9492,71793.6484 
32822.1484,73366.8672 
32824.1172,74945.3047 
32831.8867,76528.6641 
32836.1094,78075.7734 
32831.6016,79636.9531 
32843.3750,81206.2500 
32848.6797,82796.4766 
32826.6992,84359.5703 
32807.9688,85925.5469 
32796.6875,87505.0547 
32776.9844,89081.7656 
32763.6172,90702.5625 
32759.3320,92322.0938 
32753.6816,93891.4219 
32755.8750,95395.2109 
32771.2695,96947.9062 
32781.2578,98498.2734 
34323.6992,49992.8164 
34336.2891,51545.9375 
34333.8750,53092.6992 
34330.7891,54645.5234 
34327.8867,56226.6445 
34349.9336,57812.7617 
34370.9453,59378.9609 
34372.8477,60920.6406 
34383.0352,62453.8672 
34381.9570,64013.5078 
34365.0586,65566.9922 
34354.3086,67108.2344 
34356.9297,68644.5312 
34367.1992,70195.8750 
34368.2383,71797.6562 
34369.5273,73372.1328 
34373.7773,74947.9219 
34377.7305,76538.6328 
34389.7305,78080.5234 
34400.3711,79640.8125 
34401.3164,81213.3047 
34394.9883,82784.1250 
34389.3633,84342.0625 
34384.9258,85916.2344 
34372.9727,87494.1328 
34375.5117,89077.0000 
34381.2344,90693.2969 
34355.3438,92301.8203 
34324.9688,93881.2188 
34315.3906,95400.8906 
34307.7422,96949.9297 
34304.9922,98508.0469 
35875.7383,50010.1250 
35880.2188,51545.4961 
35880.2109,53099.8203 
35902.0469,54658.2422 
35923.3398,56234.8008 
35929.9805,57829.8984 
35929.6562,59381.5195 
35923.6914,60922.8008 
35928.8281,62465.9023 
35935.0000,64005.4219 
35925.6797,65547.1406 
35908.9531,67095.7578 
35904.5742,68656.3281 
35920.9727,70207.2969 
35922.7500,71790.1875 
35916.2891,73374.5469 
35923.2969,74952.8828 
35928.3984,76544.8672 
35941.4336,78100.2422 
35958.4141,79647.1172 
35952.2539,81202.1953 
35943.7812,82783.1250 
35954.3594,84352.2266 
35961.0820,85907.8281 
35951.3633,87484.4297 
35956.5508,89095.7969 
35968.8984,90689.3828 
35951.1211,92262.5859 
35914.1953,93852.3594 
35887.2539,95386.8047 
35870.4375,96934.8203 
35858.4414,98513.3359 
37460.6641,50015.0820 
37454.9648,51540.2773 
37452.4375,53104.3281 
37464.0625,54686.2539 
37492.7695,56255.5781 
37506.6602,57828.4844 
37495.0703,59369.1133 
37480.2305,60915.6484 
37478.1289,62471.4023 
37476.2539,64003.6406 
37474.3438,65543.7344 
37480.1055,67088.9453 
37480.2812,68660.4062 
37488.6523,70221.9688 
37500.7734,71789.2734 
37506.3789,73377.8516 
37512.1172,74960.6875 
37512.3477,76546.1406 
37508.1875,78111.1641 
37515.8672,79657.1250 
37532.6250,81199.8750 
37538.3203,82781.1172 
37529.5273,84355.9219 
37532.0156,85913.0859 
37547.9492,87486.5547 
37543.0781,89095.5781 
37525.6836,90686.4922 
37520.4688,92243.0391 
37496.5859,93816.1719 
37462.5625,95364.8750 
37444.9805,96920.0938 
37420.3125,98492.0312 
39030.4648,49999.1367 
39018.3281,51539.5859 
39034.5273,53114.6836 
39048.0430,54702.1211 
39060.3477,56278.8203 
39068.9609,57828.9414 
39063.9648,59354.7188 
39057.8203,60909.1719 
39056.1133,62472.0938 
39053.4453,63996.0938 
39046.2812,65543.9375 
39048.4219,67097.2891 
39066.2969,68669.7422 
39082.7617,70233.7500 
39086.0273,71796.2656 
39084.4961,73379.8906 
39080.6328,74960.4609 
39079.7969,76541.3750 
39080.1055,78108.3203 
39089.1523,79675.4297 
39109.4570,81222.3672 
39118.4141,82779.7344 
39116.6602,84348.1797 
39120.1133,85925.3125 
39123.1562,87491.6562 
39101.5586,89065.1719 
39063.3750,90666.1641 
39044.6211,92235.1328 
39030.0820,93785.5781 
39011.6484,95341.3672 
38995.9180,96901.5547 
38970.5469,98456.8984 
40595.7852,49982.9648 
40595.3828,51545.5273 
40598.8398,53129.2188 
40600.9727,54708.8398 
40606.9844,56285.3594 
40607.9844,57828.9688 
40614.2539,59356.6445 
40619.8398,60905.7422 
40611.4609,62467.2383 
40608.0742,63995.2188 
40611.3398,65540.1641 
40616.8125,67109.5547 
40638.6289,68697.8594 
40657.2578,70241.8359 
40663.2578,71793.8594 
40670.1797,73377.5234 
40671.7148,74959.1875 
40676.9648,76549.5781 
40690.9258,78118.8828 
40697.9141,79683.3516 
40683.0742,81218.2969 
40664.4531,82776.2500 
40670.9453,84357.9141 
40681.2266,85927.4766 
40674.6172,87480.7891 
40661.4961,89034.2656 
40626.4102,90626.1484 
40586.4961,92215.8516 
40576.7773,93780.6797 
40581.0117,95336.8594 
40573.2812,96885.5078 
40555.0078,98431.4375 
42154.3125,49986.5039 
42164.5469,51547.5430 
42151.9531,53115.2383 
42136.4336,54710.6484 
42135.7500,56289.1914 
42134.7891,57832.5703 
42147.7227,59371.8750 
42166.1680,60910.3672 
42176.3008,62461.2344 
42176.4766,63996.6289 
42184.8125,65550.1484 
42197.1016,67119.0781 
42190.6562,68705.6562 
42190.0430,70255.5547 
42223.3398,71821.6875 
42258.9062,73394.0469 
42270.0820,74960.0078 
42269.9297,76553.6953 
42268.0312,78124.1406 
42257.9570,79672.7109 
42246.8281,81199.5547 
42248.8242,82772.8828 
42248.9062,84366.2109 
42240.4297,85923.6719 
42226.8906,87472.5625 
42216.8164,89020.9609 
42201.1406,90588.8203 
42181.0078,92191.8438 
42170.1797,93777.3828 
42151.7773,95325.8906 
42129.7578,96868.3047 
42119.3242,98420.1484 
43730.0039,49993.1875 
43735.8594,51553.6992 
43736.3398,53098.6562 
43722.7539,54696.5273 
43696.2539,56273.0000 
43677.8789,57832.6523 
43686.8359,59392.0039 
43712.0039,60936.3203 
43743.9023,62479.5742 
43765.0234,64002.9688 
43776.5078,65563.8906 
43778.8320,67116.2578 
43764.6211,68688.0078 
43761.4375,70269.2109 
43774.1602,71852.7031 
43783.1289,73411.7344 
43801.6602,74972.2266 
43823.8906,76560.0156 
43831.0547,78118.1641 
43820.7031,79658.8828 
43819.5234,81207.7891 
43828.0742,82776.8984 
43806.0742,84346.0391 
43777.6992,85903.7812 
43755.5430,87451.1641 
43733.0117,89008.6641 
43733.1836,90586.5078 
43747.0664,92191.0625 
43746.0039,93764.1797 
43730.2812,95302.2344 
43720.5664,96858.2891 
43726.8086,98425.1797 
45290.1328,49988.0352 
45281.3828,51554.8164 
45287.8828,53101.4922 
45287.7070,54678.2500 
45269.7148,56248.0117 
45260.2148,57827.8516 
45259.4531,59404.5312 
45268.1367,60959.4297 
45284.6641,62506.4609 
45306.0469,64021.1875 
45314.2266,65567.2422 
45312.8438,67111.3047 
45321.3711,68686.7500 
45332.3125,70276.6484 
45337.5977,71854.0859 
45344.1562,73422.9141 
45363.7383,74999.6172 
45376.3633,76574.9688 
45377.0820,78117.9609 
45377.4531,79651.8047 
45374.0273,81208.5547 
45355.8047,82758.4141 
45323.8711,84311.3281 
45300.9141,85886.9375 
45292.4922,87434.6328 
45284.1172,88996.9375 
45286.2773,90601.6797 
45301.4336,92201.2188 
45297.5469,93753.7812 
45287.9062,95294.0625 
45287.0039,96860.6797 
45297.2031,98440.5469 
46842.6211,49983.7656 
46847.2969,51557.2109 
46863.9766,53116.8398 
46870.7383,54668.6641 
46863.1719,56239.2812 
46857.4414,57820.5117 
46840.1094,59397.4219 
46833.0664,60965.4648 
46838.2969,62520.0859 
46845.8672,64033.1992 
46847.7773,65567.3438 
46865.3125,67129.4375 
46900.8672,68708.5469 
46922.6836,70289.5312 
46941.1758,71866.8359 
46953.6523,73433.8125 
46948.8516,75002.0703 
46929.9180,76563.5000 
46912.2773,78114.1328 
46913.1523,79657.4375 
46915.1680,81198.2656 
46900.7656,82734.7344 
46887.0312,84288.6172 
46864.8359,85868.1953 
46853.1484,87434.1484 
46862.6016,88995.6875 
46862.7188,90608.5547 
46863.2695,92206.0234 
46854.5117,93739.1406 
46842.1602,95287.5547 
46843.0547,96865.5156 
46854.7188,98455.2578 
48421.6211,49994.7148 
48430.7812,51565.9297 
48433.2031,53130.8164 
48441.3047,54670.0859 
48448.9492,56238.9375 
48447.8672,57807.6953 
48433.4492,59379.2656 
48420.7070,60961.5117 
48406.3242,62517.7734 
48397.4297,64033.9922 
48404.6289,65576.1641 
48427.3555,67165.3125 
48463.3828,68743.7344 
48492.6016,70309.8984 
48506.6094,71880.9141 
48508.0898,73432.0000 
48498.7539,74986.1797 
48482.2617,76541.1484 
48459.1680,78096.3828 
48440.7500,79658.4844 
48445.3281,81199.0391 
48451.2422,82727.1875 
48447.0703,84276.3828 
48432.4219,85843.9219 
48419.4922,87439.2188 
48432.2188,89009.0234 
48438.7109,90601.3672 
48423.5664,92196.6328 
48415.6758,93730.0000 
48415.2734,95284.1172 
48417.3281,96875.1641 
48426.3125,98462.7188 
49996.1523,11.2476234 
49993.0352,1593.99463 
49983.7109,3155.14893 
49978.9023,4718.50098 
49975.5469,6291.04443 
49975.0781,7869.26855 
49973.6484,9420.81250 
49958.7344,10959.2998 
49953.4609,12530.5986 
49956.4961,14090.3486 
49960.6797,15654.3281 
49950.5156,17236.0566 
49943.2070,18806.8652 
49944.2031,20349.9023 
49947.0078,21924.4824 
49945.6289,23500.7969 
49943.2891,25062.4434 
49943.8320,26584.3359 
49928.4961,28108.1895 
49916.2930,29681.0918 
49900.2383,31246.3457 
49894.5000,32798.9023 
49908.4297,34349.4258 
49919.5625,35912.5430 
49917.7188,37495.8242 
49915.7773,39099.4297 
49930.4414,40647.4648 
49927.9297,42202.3477 
49915.4258,43750.8438 
49923.4727,45284.3711 
49943.5938,46866.0547 
49971.2070,48451.7305 
51576.8242,15.6781368 
51582.9258,1589.83911 
51577.3711,3147.16064 
51572.6680,4716.75586 
51565.3555,6284.16162 
51556.9297,7867.61377 
51545.3984,9407.57617 
51531.8242,10949.9170 
51529.4570,12529.8516 
51525.3984,14092.6943 
51529.9727,15657.5576 
51528.7734,17221.6621 
51515.3242,18798.6699 
51506.2812,20347.3711 
51501.0742,21925.1055 
51494.8945,23491.6992 
51479.0703,25054.9570 
51467.6250,26580.1484 
51475.3320,28109.3594 
51486.6289,29677.9805 
51483.9375,31233.3262 
51480.1797,32803.7852 
51479.7109,34358.5195 
51482.9062,35917.3984 
51493.4219,37490.4414 
51484.5195,39092.6328 
51473.2539,40657.5781 
51486.6562,42203.2695 
51500.3125,43755.1953 
51513.8047,45300.1016 
51526.4062,46884.7852 
51534.7578,48467.9141 
53167.4219,29.7143497 
53178.1445,1590.89136 
53169.9336,3137.95190 
53159.2695,4709.08203 
53152.6953,6275.36768 
53144.7695,7857.36621 
53131.8398,9391.97363 
53118.3047,10940.1172 
53102.3320,12521.0576 
53089.0039,14086.0957 
53083.0195,15660.9941 
53078.6250,17214.8848 
53072.4570,18789.7598 
53069.1211,20340.9531 
53066.2578,21920.5859 
53063.2461,23482.7188 
53048.4805,25033.6016 
53035.0859,26579.1250 
53047.9180,28126.3164 
53055.4688,29682.3770 
53056.3594,31233.1426 
53052.5586,32797.0469 
53043.1094,34353.3164 
53051.2578,35932.3398 
53072.1875,37504.9805 
53073.4453,39072.0664 
53053.5625,40650.7188 
53050.3203,42218.7305 
53052.9922,43765.3281 
53060.9375,45313.7578 
53079.9883,46897.9375 
53091.6641,48467.5195 
54747.5352,41.5733223 
54742.6367,1585.23828 
54736.8047,3129.80664 
54739.3477,4705.49951 
54739.6445,6272.54492 
54728.9102,7843.75146 
54712.0234,9380.28711 
54701.0078,10923.6816 
54685.0781,12503.9395 
54676.0859,14077.6875 
54662.1055,15649.0371 
54646.7500,17205.5391 
54638.1367,18785.6113 
54638.8828,20344.1289 
54647.1602,21922.1426 
54647.8281,23478.2656 
54643.4766,25019.0195 
54638.1094,26580.8359 
54639.8320,28136.3320 
54637.8477,29677.9453 
54632.0859,31229.6641 
54621.4102,32786.1016 
54617.9961,34357.7930 
54629.0352,35947.8750 
54636.1758,37516.7500 
54646.7148,39069.2461 
54646.9844,40636.3242 
54628.2852,42206.0352 
54611.8945,43759.8398 
54615.4766,45329.5156 
54630.1680,46917.3984 
54640.5859,48474.7539 
56318.0859,34.3861389 
56306.3633,1576.81201 
56318.7773,3142.21460 
56329.8555,4707.62305 
56320.1797,6264.79053 
56304.9844,7822.61963 
56284.4219,9365.63086 
56278.1836,10917.6162 
56276.7539,12495.2217 
56260.0000,14061.9609 
56237.9961,15632.1123 
56236.3438,17199.3242 
56226.7461,18774.3945 
56219.0391,20351.7637 
56228.6016,21928.3379 
56225.4688,23476.2852 
56224.6250,25017.6445 
56212.7578,26568.2012 
56191.6445,28130.8770 
56199.1602,29683.9258 
56216.2930,31228.4395 
56217.1250,32775.3672 
56207.0586,34354.4570 
56192.5391,35947.4609 
56191.5586,37524.9844 
56201.3750,39081.5039 
56203.4609,40629.8477 
56202.3555,42193.8242 
56207.9648,43759.4570 
56209.9922,45334.0117 
56202.8750,46918.6133 
56205.0703,48486.6250 
57880.7578,25.8552952 
57890.3828,1585.02954 
57905.7773,3159.09351 
57899.0625,4695.89502 
57880.8984,6251.79980 
57875.3320,7811.01221 
57869.1094,9353.44336 
57860.8867,10915.8682 
57848.7773,12483.6748 
57830.5234,14036.2275 
57820.6797,15627.5039 
57824.9336,17201.9961 
57814.2383,18756.1289 
57807.4375,20355.6758 
57802.5000,21923.1055 
57777.4844,23461.7168 
57762.1836,25011.3379 
57747.1250,26543.3984 
57731.0586,28122.8887 
57739.1992,29708.3770 
57762.5977,31247.8867 
57789.1719,32785.1367 
57805.0000,34343.8594 
57796.2422,35933.7539 
57790.6289,37527.8906 
57783.8750,39078.6250 
57778.9375,40631.2109 
57789.1016,42204.6328 
57795.3945,43764.6016 
57790.8477,45327.3281 
57788.7227,46915.3086 
57798.2461,48500.9805 
59447.8125,34.7663269 
59459.9844,1600.14209 
59457.0000,3155.96948 
59448.2734,4681.05029 
59445.6406,6243.45312 
59436.3359,7805.74023 
59423.7812,9344.96094 
59406.9141,10897.8896 
59385.9336,12468.3486 
59389.1797,14035.3633 
59397.7852,15628.2627 
59388.0547,17193.7480 
59376.0781,18746.2441 
59371.1328,20352.5430 
59348.3789,21894.8242 
59320.1875,23438.7969 
59311.7695,25003.6504 
59310.8867,26534.8633 
59312.5664,28117.0840 
59303.0039,29712.5293 
59306.8398,31270.1836 
59330.5000,32815.0000 
59349.2578,34354.7422 
59357.3086,35931.4336 
59361.1250,37526.1836 
59362.4414,39071.9961 
59364.2070,40634.3789 
59362.2344,42207.7070 
59358.7500,43761.1250 
59359.4492,45325.4023 
59366.6953,46925.3906 
59377.7109,48510.2305 
61015.7617,33.3500175 
61003.0625,1596.17896 
60993.0820,3147.44312 
61002.4844,4691.16943 
61017.8789,6243.04395 
61001.9961,7782.00977 
60969.7695,9325.11816 
60953.9141,10881.9502 
60952.3867,12463.2070 
60951.9219,14045.2129 
60942.6758,15622.1631 
60929.2617,17179.4824 
60919.3320,18737.2871 
60906.1719,20338.5293 
60891.8008,21869.7734 
60882.6016,23427.3887 
60871.5156,24997.1367 
60868.5195,26543.8945 
60888.0039,28122.6445 
60893.1055,29704.1465 
60898.0391,31285.2422 
60913.1836,32829.7812 
60920.1641,34361.2305 
60921.9609,35934.8242 
60915.9805,37528.1406 
60918.4844,39079.7305 
60927.1367,40635.7617 
60928.2930,42204.8828 
60938.5781,43769.6523 
60952.6758,45331.3594 
60952.6992,46929.8789 
60943.6680,48507.2617 
62591.0039,13.9364328 
62579.2617,1585.40515 
62573.5508,3146.07739 
62574.5781,4705.96484 
62575.5234,6244.04053 
62569.3047,7757.68799 
62547.2578,9295.22461 
62526.1602,10879.1055 
62524.3477,12463.3359 
62505.8047,14024.1523 
62471.5234,15597.6084 
62453.1211,17172.7168 
62455.0156,18731.0684 
62448.3242,20326.7793 
62445.5312,21869.2949 
62454.8477,23424.7305 
62453.5820,24983.6660 
62451.5938,26553.3770 
62466.3008,28144.0996 
62482.5859,29709.7109 
62491.1992,31297.7070 
62504.4570,32846.6250 
62525.7500,34373.4492 
62530.1484,35925.3516 
62508.0898,37510.8633 
62492.9297,39082.1602 
62492.0586,40641.6328 
62498.6250,42212.1289 
62505.7852,43782.7852 
62511.7383,45338.3125 
62511.1797,46918.8828 
62495.6992,48491.4492 
64157.6094,10.0942659 
64154.9609,1577.49146 
64139.4023,3136.56396 
64129.6328,4700.23828 
64117.5078,6236.52588 
64116.8750,7758.98633 
64121.5742,9274.99512 
64097.9531,10856.9727 
64066.5625,12447.7188 
64052.6875,14003.9121 
64049.2422,15574.7314 
64035.1992,17166.2461 
64030.8516,18733.4395 
64022.6016,20313.9102 
64015.5000,21875.2734 
64028.4805,23439.4062 
64046.1133,24991.5840 
64062.6016,26560.2852 
64070.3320,28156.8887 
64085.9766,29724.9609 
64096.9258,31300.9277 
64092.8750,32855.2656 
64094.3672,34386.0312 
64091.4141,35915.7852 
64086.2812,37496.9805 
64083.1914,39071.7344 
64065.1211,40633.8438 
64059.0977,42219.1953 
64066.0703,43784.4180 
64067.1367,45343.3711 
64071.6562,46915.8789 
64068.6680,48483.3008 
65698.8672,17.7231731 
65686.4531,1558.49548 
65665.7891,3123.40869 
65663.7109,4697.23584 
65659.9844,6224.97070 
65654.4219,7765.99854 
65663.0703,9277.28125 
65664.9531,10831.2021 
65649.8984,12424.2754 
65646.1797,14009.9941 
65648.5859,15570.8213 
65629.7656,17146.0957 
65608.1172,18723.6016 
65598.2031,20305.1680 
65600.9922,21880.5996 
65601.5156,23446.3008 
65605.6875,25010.9336 
65632.5156,26580.5723 
65651.1719,28168.3301 
65670.1484,29746.6055 
65689.6172,31305.4199 
65695.6016,32852.9883 
65695.3125,34382.0430 
65682.9844,35904.6406 
65671.8594,37498.2422 
65673.7188,39067.6523 
65672.8984,40617.2227 
65668.7031,42224.1875 
65673.1953,43789.7070 
65669.7266,45340.7617 
65660.9297,46914.4883 
65656.9297,48478.5547 
67243.1016,15.4960918 
67234.3281,1538.31311 
67222.9453,3111.56421 
67207.0312,4692.60840 
67200.1250,6221.80273 
67204.3516,7767.43750 
67213.3750,9291.03418 
67233.7656,10840.7354 
67251.0156,12424.5508 
67248.3125,14003.3008 
67224.1094,15552.6943 
67211.1562,17129.1758 
67207.0156,18709.9844 
67194.8281,20298.9609 
67184.4141,21880.2246 
67178.4375,23440.6797 
67182.0000,25026.7070 
67193.6406,26601.1758 
67197.3906,28179.9492 
67219.9922,29776.0410 
67254.8047,31324.7051 
67265.5391,32856.0156 
67255.8359,34374.0781 
67248.9375,35892.6914 
67242.1562,37487.2070 
67234.1953,39076.0508 
67256.1797,40629.1523 
67262.7578,42217.5234 
67247.6953,43785.4180 
67244.5859,45331.8008 
67239.2422,46907.5625 
67242.3047,48482.2109 
68765.7188,15.0081844 
68777.5156,1542.13110 
68787.2031,3101.04346 
68769.1328,4670.16992 
68757.4219,6224.13379 
68764.8594,7776.58887 
68778.8672,9308.06641 
68796.6328,10859.8867 
68804.1016,12432.1055 
68802.6016,13989.3369 
68800.1875,15539.6230 
68804.5938,17133.1680 
68805.0234,18705.0371 
68798.3594,20284.0645 
68788.8750,21870.7578 
68783.3438,23437.5840 
68769.2344,25023.9199 
68752.6797,26594.8945 
68745.6328,28182.9102 
68754.5938,29809.0391 
68775.1562,31349.5508 
68787.0859,32852.2773 
68786.3672,34363.5938 
68795.8594,35902.9258 
68808.2656,37477.9492 
68788.0781,39069.0234 
68780.4609,40649.1719 
68783.4375,42207.3125 
68780.5547,43782.8125 
68797.6250,45342.0625 
68809.1328,46906.8594 
68811.2891,48491.0820 
70280.0469,16.0062218 
70288.5000,1562.89331 
70303.4453,3102.94360 
70302.6094,4656.67578 
70301.0078,6224.30127 
70300.8438,7783.13281 
70311.4375,9326.48926 
70329.5781,10872.5342 
70338.5312,12433.8525 
70345.2344,13995.9131 
70362.3828,15552.3711 
70374.2266,17134.5781 
70381.2656,18707.2500 
70396.2266,20286.0781 
70397.5547,21865.5098 
70381.5547,23419.8359 
70348.9766,24996.0547 
70337.2109,26591.4199 
70343.5938,28179.5898 
70320.3984,29798.4219 
70292.7969,31352.6660 
70299.3594,32870.1992 
70327.2969,34380.0977 
70350.9766,35924.0547 
70366.5781,37478.3906 
70358.8516,39040.7734 
70328.9375,40635.9023 
70312.0156,42205.0820 
70315.9141,43793.3125 
70330.0859,45362.7930 
70348.5000,46914.0781 
70352.0938,48490.1289 
71832.4688,5.99016714 
71831.3750,1575.31238 
71841.4844,3110.60742 
71848.0000,4657.82080 
71844.5859,6221.05029 
71841.2891,7785.62158 
71849.9531,9341.93945 
71862.1562,10887.8408 
71873.0391,12441.0527 
71875.3359,14001.8760 
71880.0547,15568.3047 
71898.5000,17151.8027 
71926.2188,18731.9766 
71946.7969,20297.5742 
71946.0781,21854.9277 
71933.1641,23395.2441 
71916.2109,24972.8438 
71909.8281,26598.4980 
71910.1953,28173.6582 
71893.6406,29764.4141 
71873.1875,31334.7852 
71859.6562,32876.4297 
71851.0781,34396.5117 
71854.7891,35939.0312 
71862.9844,37490.7852 
71875.3594,39033.1523 
71866.8047,40606.6562 
71849.1406,42196.6211 
71848.7812,43798.9766 
71857.6484,45381.3164 
71883.8750,46935.2266 
71891.7188,48480.9883 
73415.8281,1.90320492 
73420.8984,1581.83423 
73424.5469,3120.08838 
73426.3438,4656.66943 
73416.8672,6211.37256 
73412.7578,7787.76904 
73411.5234,9347.22852 
73413.9922,10895.8887 
73421.7734,12447.6348 
73432.7266,14006.7568 
73448.0547,15578.5078 
73452.1406,17164.3262 
73445.9062,18744.0801 
73445.3672,20305.6660 
73457.3438,21857.8965 
73470.2188,23393.5977 
73478.0000,24966.7930 
73466.9766,26589.2793 
73452.1406,28166.2148 
73445.1328,29751.2051 
73433.8594,31324.5273 
73424.2656,32860.3555 
73411.2812,34383.8867 
73397.5391,35933.5508 
73384.2812,37492.3594 
73386.5703,39043.9023 
73398.9062,40603.9141 
73417.0781,42201.8359 
73434.2656,43804.6523 
73434.0000,45390.4219 
73433.7031,46953.7852 
73437.1016,48472.8789 
75001.9453,8.84373379 
74992.9922,1573.96948 
74972.1016,3113.78491 
74962.4297,4650.98877 
74964.9375,6209.05762 
74966.1953,7783.73340 
74959.3359,9344.05762 
74969.5078,10907.8555 
74983.3828,12457.7969 
74996.2969,14027.4883 
75018.1641,15594.3789 
75025.9844,17157.7012 
75021.1719,18734.0645 
75019.1953,20310.7227 
75026.5703,21872.7246 
75039.6797,23409.2207 
75049.4531,24967.4668 
75036.1016,26566.8203 
75023.8672,28160.6484 
75019.4141,29738.2695 
74987.0156,31300.1055 
74956.1406,32851.5156 
74953.7109,34380.0820 
74955.3359,35922.1641 
74955.5469,37487.7422 
74959.4453,39049.4023 
74961.4297,40619.5938 
74980.6406,42230.1523 
75000.0703,43815.1641 
75001.2344,45378.1445 
74984.6797,46944.1484 
74976.8438,48475.1133 
76545.9688,99998.8359 
76529.5156,1552.30664 
76516.2734,3097.84937 
76517.6172,4656.09082 
76532.0547,6219.01367 
76537.0078,7781.23389 
76545.3047,9349.98438 
76554.5312,10921.4346 
76555.2734,12462.5762 
76561.2266,14041.3916 
76576.1719,15611.2666 
76587.2266,17162.4727 
76587.1250,18732.1836 
76583.8203,20311.4629 
76588.4531,21880.6406 
76595.5859,23418.4883 
76599.7344,24969.1250 
76610.3828,26561.3652 
76614.5547,28158.1387 
76593.5547,29715.6602 
76560.1328,31255.0391 
76521.4531,32823.1289 
76500.9844,34383.0508 
76506.1875,35929.2852 
76516.0859,37498.4961 
76522.6016,39048.6094 
76518.4219,40619.0000 
76515.4922,42239.5391 
76512.4844,43823.0742 
76529.2500,45386.3320 
76542.6797,46933.3359 
76535.2969,48471.9570 
78072.4844,99984.0625 
78074.7656,1552.13196 
78085.4531,3097.63770 
78092.1172,4668.30518 
78101.1172,6227.43262 
78113.0078,7793.06738 
78132.6406,9362.91406 
78127.9453,10913.6582 
78121.5625,12464.2852 
78131.5469,14054.7529 
78139.5469,15623.3369 
78141.2734,17163.4941 
78140.6953,18727.1016 
78143.6484,20313.1484 
78149.2500,21889.9219 
78156.7188,23422.8555 
78164.7266,24979.6328 
78179.1953,26579.1758 
78171.6562,28138.2070 
78136.7500,29684.4727 
78132.0312,31242.8223 
78133.8359,32796.8516 
78112.2891,34368.5859 
78095.3828,35926.9453 
78080.8984,37497.8281 
78077.9453,39051.6055 
78087.9609,40621.9727 
78097.6641,42237.7461 
78104.9531,43827.9570 
78121.2891,45411.4102 
78131.0781,46933.5859 
78124.2031,48466.9805 
79631.3750,99978.6641 
79636.9375,1566.41431 
79652.8203,3108.84326 
79668.2734,4677.27344 
79679.5547,6237.47266 
79695.6094,7813.76318 
79705.4688,9368.85742 
79707.8672,10908.8418 
79722.6016,12473.5312 
79724.6172,14054.2227 
79707.0000,15614.5908 
79692.3672,17162.4844 
79702.8438,18740.9199 
79718.9766,20318.4395 
79717.6172,21891.2676 
79724.3359,23434.5996 
79738.8203,24988.9746 
79731.3984,26572.0410 
79703.8047,28108.5703 
79681.5000,29665.8418 
79669.7344,31251.2598 
79669.1328,32793.5117 
79674.8594,34355.9414 
79674.1875,35912.4727 
79663.7812,37484.7539 
79663.5938,39059.9297 
79682.4766,40639.4102 
79704.7422,42254.6055 
79724.0234,43843.9961 
79732.1797,45421.4375 
79734.1406,46930.3867 
79736.3906,48465.2656 
81189.2734,99984.9219 
81195.6719,1574.12122 
81208.0234,3131.69116 
81235.3047,4696.12451 
81248.9922,6248.57471 
81255.2266,7822.76074 
81258.1562,9370.93945 
81274.5000,10928.4658 
81296.1016,12488.8486 
81299.3594,14044.9990 
81292.7891,15596.3145 
81281.2188,17152.8848 
81275.9062,18753.7617 
81286.1484,20328.1074 
81301.5625,21895.6465 
81309.2500,23445.6855 
81312.3594,24994.4023 
81304.6562,26549.0566 
81274.5938,28079.1465 
81244.0234,29641.1836 
81214.0625,31229.6406 
81208.7422,32804.3047 
81231.8984,34374.7617 
81244.1406,35913.7891 
81244.3594,37479.7461 
81246.1875,39072.2773 
81268.2969,40667.1172 
81292.0000,42272.0156 
81289.1641,43844.0352 
81271.9688,45417.3203 
81280.8516,46947.5664 
81313.3438,48476.3398 
82763.6719,99994.5234 
82758.1016,1571.39954 
82762.0391,3150.94531 
82772.4531,4712.45703 
82782.5469,6257.63184 
82798.9531,7831.60352 
82820.0703,9386.90039 
82838.4219,10947.5234 
82842.4766,12495.5752 
82844.9922,14045.2363 
82850.8516,15597.9004 
82860.9844,17149.7129 
82862.5234,18753.8555 
82867.6719,20344.2324 
82875.6875,21907.3965 
82872.8828,23443.1211 
82868.4766,24991.6523 
82856.0781,26528.4824 
82832.3047,28048.1953 
82820.5156,29622.1738 
82823.0938,31221.1797 
82828.7656,32815.3477 
82822.9688,34379.5781 
82815.5547,35915.4648 
82822.8828,37481.1523 
82824.6094,39076.2734 
82826.5547,40687.1523 
82830.5703,42278.5859 
82827.3672,43828.0078 
82814.7734,45402.9062 
82809.1016,46971.2305 
82827.5625,48503.2344 
84330.4609,99986.5703 
84329.9688,1572.16028 
84340.0312,3157.21265 
84340.6484,4716.34375 
84362.7734,6282.48633 
84393.6484,7854.99072 
84407.6875,9405.05469 
84405.4375,10946.4424 
84400.7109,12498.6768 
84416.0938,14055.7549 
84433.9062,15612.2822 
84450.4844,17159.8672 
84449.0156,18749.9375 
84437.7188,20341.0078 
84416.5938,21894.0059 
84401.0078,23439.6074 
84399.5625,24986.3008 
84386.2734,26511.1328 
84388.5391,28046.7969 
84407.2109,29630.7754 
84410.8047,31225.2266 
84406.8828,32811.0977 
84401.4297,34366.9727 
84401.4297,35920.7969 
84411.3047,37492.3984 
84418.5547,39076.1406 
84412.8125,40679.6133 
84397.0938,42273.2422 
84399.8281,43832.5781 
84406.6172,45392.4453 
84386.9219,46957.6406 
84365.5859,48510.3320 
85900.2812,99990.0000 
85916.5234,1586.30847 
85931.1719,3165.82959 
85948.5547,4731.56299 
85975.9844,6316.75195 
85988.8047,7865.08984 
85981.6250,9402.18945 
85980.8203,10940.0244 
85988.1094,12507.3955 
85997.9141,14072.4238 
86004.6484,15628.2715 
86014.6250,17168.8535 
86017.9141,18740.4805 
86005.0938,20323.6055 
85983.6406,21870.0449 
85967.4922,23431.5898 
85954.6250,24974.2012 
85940.4922,26502.1797 
85946.6641,28067.8203 
85963.7188,29642.0801 
85965.1016,31220.0820 
85967.0234,32814.2266 
85975.9375,34370.0352 
85979.3125,35923.4844 
85981.7656,37497.2188 
85983.0000,39077.6719 
85977.4297,40667.6680 
85970.9375,42265.0195 
85968.9531,43840.5781 
85968.0078,45390.1914 
85964.5469,46935.7617 
85955.1250,48501.3086 
87497.0859,15.5361824 
87523.5234,1602.50195 
87539.4766,3182.73071 
87555.1875,4751.04150 
87559.2812,6327.72461 
87559.4453,7861.33447 
87559.0703,9400.33203 
87569.1094,10955.2285 
87589.4375,12520.4131 
87598.8750,14073.2217 
87592.2812,15623.5000 
87581.8125,17175.1172 
87583.5469,18739.6719 
87567.5156,20299.4629 
87539.7266,21849.7012 
87526.0078,23420.6777 
87519.0938,24963.0586 
87515.5703,26496.6738 
87514.0547,28076.9219 
87521.6484,29652.6055 
87526.8594,31218.5645 
87518.2266,32814.5586 
87511.4609,34373.8203 
87522.6797,35934.8555 
87547.3594,37509.1055 
87555.1875,39073.7109 
87552.9297,40664.4297 
87557.4688,42264.3242 
87544.9922,43827.0156 
87525.8828,45385.8945 
87529.0078,46939.9766 
87533.7188,48498.3242 
89097.5547,48.3853111 
89127.9453,1625.43494 
89141.2188,3193.29443 
89145.6094,4757.58545 
89154.1016,6330.87451 
89167.8984,7869.94434 
89175.2266,9399.78027 
89173.3203,10965.1191 
89178.9531,12535.8184 
89189.2969,14082.9346 
89196.0078,15613.9150 
89182.8203,17160.5859 
89163.8906,18729.9180 
89146.9609,20274.1152 
89125.1484,21827.7266 
89102.3828,23408.3984 
89090.1094,24959.5605 
89089.4531,26495.5469 
89088.7031,28076.8359 
89091.2578,29661.7793 
89097.2266,31215.7773 
89087.3594,32797.4414 
89075.0391,34371.9141 
89083.0703,35956.1797 
89092.9375,37524.1133 
89096.4609,39076.4141 
89111.5703,40675.0430 
89119.7109,42263.4102 
89116.1094,43810.3359 
89115.6328,45379.0859 
89112.6328,46943.6562 
89111.2656,48496.3125 
90665.6094,72.5698242 
90692.1719,1651.24670 
90708.9688,3194.99707 
90706.1953,4762.64941 
90705.2812,6340.50586 
90709.7109,7884.22949 
90733.8203,9411.58203 
90755.6250,10968.9531 
90753.3281,12531.9619 
90733.4453,14078.8633 
90720.5234,15614.1455 
90722.3359,17150.5449 
90716.8281,18715.0703 
90703.1719,20257.5488 
90675.2031,21796.7695 
90637.6797,23381.9922 
90623.5625,24955.9961 
90629.7188,26500.2129 
90635.5312,28076.0586 
90632.7109,29664.1074 
90634.3281,31219.4121 
90638.8438,32789.5039 
90643.2031,34373.2070 
90648.3203,35962.0859 
90645.7891,37521.3750 
90654.5312,39090.3477 
90672.0547,40689.4922 
90670.3594,42261.3828 
90679.5625,43824.1523 
90695.6953,45382.3711 
90686.6250,46935.1992 
90684.1094,48499.5469 
92232.3594,94.7902679 
92254.1641,1682.36011 
92283.6328,3205.60815 
92282.1016,4748.03027 
92259.1406,6326.50586 
92254.6875,7899.20166 
92286.2031,9450.53516 
92309.4609,10980.1992 
92309.1328,12521.1816 
92306.9141,14058.5635 
92289.1953,15600.1084 
92262.6953,17143.8965 
92238.8281,18701.6074 
92219.9766,20238.8711 
92203.8125,21764.3848 
92184.2109,23357.0703 
92168.1406,24952.9551 
92162.9844,26507.6934 
92167.6562,28079.0918 
92167.9375,29660.1777 
92174.3047,31228.6016 
92201.0078,32806.1133 
92222.3438,34382.4961 
92221.8984,35960.1602 
92224.5938,37528.2812 
92243.2812,39111.0000 
92253.3203,40692.4766 
92251.0781,42256.9375 
92248.2891,43834.3906 
92238.5547,45376.6719 
92230.7969,46926.7617 
92234.8125,48505.7773 
93807.1875,107.499786 
93799.8203,1694.99268 
93807.5078,3227.01831 
93823.7734,4743.61670 
93835.2344,6319.64844 
93843.2344,7910.93213 
93849.2109,9470.57910 
93849.5703,10980.7979 
93855.8828,12531.5312 
93876.0391,14066.6494 
93871.9766,15571.6504 
93834.3203,17102.1270 
93793.6250,18669.4824 
93766.2578,20225.4922 
93762.5000,21761.8164 
93758.5391,23340.3613 
93735.2578,24932.0312 
93719.5156,26502.5234 
93713.4688,28079.3594 
93711.0078,29663.1992 
93731.6562,31257.8301 
93769.4453,32840.9219 
93787.6016,34389.8281 
93795.9297,35960.6211 
93810.4766,37541.8008 
93819.7969,39122.4258 
93825.3438,40697.1484 
93835.4844,42259.3711 
93826.8359,43817.5117 
93802.0703,45362.9688 
93803.0938,46935.1211 
93812.7344,48510.9609 
95355.1172,108.208679 
95358.0625,1686.48743 
95356.4219,3234.91089 
95366.6172,4762.94531 
95385.8984,6336.97754 
95396.4531,7916.10010 
95399.7969,9471.93555 
95404.0703,10983.2490 
95407.3438,12541.5713 
95404.1484,14071.7305 
95396.5469,15556.7998 
95395.7266,17081.8320 
95395.5469,18644.9023 
95371.2422,20199.4316 
95338.5000,21751.1895 
95315.0469,23322.4355 
95300.9531,24916.9297 
95297.7188,26496.3672 
95288.3672,28069.4062 
95286.7578,29669.0762 
95299.4922,31284.0391 
95307.3125,32858.7383 
95318.2266,34404.1133 
95349.3047,35987.1602 
95374.8203,37557.0352 
95388.2969,39129.7148 
95400.5859,40706.9883 
95405.0156,42263.7734 
95396.4531,43794.6875 
95373.7344,45343.0312 
95358.3906,46937.8672 
95350.0234,48508.7852 
96919.2500,120.033882 
96934.2266,1694.67139 
96938.3516,3239.17480 
96951.8516,4778.47119 
96964.6094,6346.94287 
96963.4297,7916.27783 
96953.1719,9472.07520 
96949.3359,10985.7734 
96946.9375,12536.9238 
96935.0781,14059.8633 
96925.2109,15553.2090 
96929.6172,17092.3730 
96934.8984,18641.7109 
96921.2422,20168.0410 
96894.7500,21718.9277 
96871.1250,23301.7656 
96860.7656,24913.2480 
96861.9531,26492.8125 
96864.4219,28067.0801 
96875.9922,29681.3320 
96876.8672,31283.6699 
96865.3516,32858.0586 
96874.1797,34426.6328 
96888.9141,36011.8555 
96901.7656,37573.3516 
96922.5625,39149.0586 
96934.3828,40711.5000 
96923.8984,42255.2461 
96911.7500,43784.4961 
96915.6016,45333.0156 
96918.8438,46926.2930 
96905.9141,48495.9648 
98519.9922,137.789154 
98520.5859,1687.86340 
98504.8906,3240.65112 
98509.1875,4795.68799 
98523.3203,6357.76074 
98526.9609,7902.98145 
98502.1250,9452.22754 
98488.1719,10984.1377 
98479.5000,12525.3506 
98455.0234,14041.8154 
98445.9688,15553.3018 
98455.8359,17098.9824 
98451.9688,18633.5195 
98442.2422,20155.8496 
98447.8359,21709.5918 
98454.1016,23291.9668 
98454.9922,24914.9316 
98470.6328,26506.6270 
98489.8984,28076.7539 
98483.7266,29679.4531 
98458.9062,31264.0996 
98440.1250,32850.9453 
98429.6719,34428.0625 
98419.1172,36014.6133 
98430.0078,37591.4570 
98440.0859,39162.4492 
98445.3359,40712.7305 
98446.2578,42238.7891 
98436.8438,43781.6875 
98456.4688,45357.5156 
98481.0703,46930.0430 
98476.1250,48483.1172 
49994.2891,50012.7227 
50001.3906,51562.9023 
49991.3672,53126.2266 
49989.4375,54680.2852 
49999.7422,56247.6016 
50005.8555,57805.5156 
50006.4375,59370.1133 
49992.3594,60941.3320 
49962.6914,62492.9766 
49950.6680,64036.7148 
49964.7266,65593.3125 
49976.8906,67185.5469 
49988.7148,68770.4297 
49999.8750,70324.8672 
49999.8984,71882.3281 
49998.0625,73429.2969 
49995.7188,74977.8984 
49997.6953,76532.1094 
50000.7344,78076.7109 
49987.3945,79646.2578 
49980.8359,81210.8359 
49988.7461,82733.0312 
50002.4883,84280.4219 
50021.7617,85836.6484 
50010.0195,87425.3828 
49998.0859,89023.0391 
50011.1523,90600.9375 
50001.3047,92181.2969 
49997.7461,93735.5391 
50003.0977,95281.9219 
49995.1289,96875.4375 
49994.9375,98466.3281 
51532.2461,50019.9453 
51532.3164,51563.6602 
51532.3281,53117.7461 
51529.6328,54684.4102 
51538.1445,56257.3047 
51549.4023,57812.2891 
51554.4922,59366.8594 
51544.4766,60920.9336 
51536.1602,62476.7617 
51533.5664,64037.8750 
51527.8203,65599.9844 
51528.8438,67190.3828 
51526.6875,68772.2266 
51515.4609,70321.1016 
51509.9023,71879.9531 
51512.3945,73430.2656 
51521.6484,74984.1328 
51543.2656,76553.4609 
51573.7109,78091.0469 
51585.5312,79631.8984 
51561.3398,81195.6328 
51546.1875,82739.9766 
51566.0977,84311.5938 
51601.9375,85860.5000 
51623.8008,87411.8672 
51624.5938,89024.6172 
51616.5078,90597.3281 
51591.1094,92159.4531 
51574.8984,93738.5234 
51577.2188,95281.0391 
51577.0039,96869.1875 
51572.3086,98467.3438 
53087.4492,50011.2148 
53087.6562,51567.3242 
53091.4258,53115.9453 
53091.8008,54687.2969 
53096.4961,56268.3008 
53105.8555,57824.6836 
53114.6953,59366.0469 
53110.6523,60913.4297 
53114.6094,62482.1367 
53118.5234,64031.4805 
53117.1445,65597.3594 
53121.2305,67191.5781 
53104.1797,68754.8203 
53080.1836,70306.6484 
53068.5781,71878.4844 
53072.5391,73440.7422 
53089.9531,75001.3984 
53097.3555,76569.9297 
53107.0547,78117.2812 
53133.6016,79637.1719 
53136.9961,81172.8984 
53133.6211,82743.9375 
53139.6445,84329.1719 
53148.1328,85890.6562 
53185.4492,87441.2344 
53204.8828,89019.8906 
53187.4531,90574.9688 
53179.9609,92141.6094 
53174.9102,93731.4297 
53171.6055,95286.6406 
53173.1719,96864.5625 
53160.9336,98461.9141 
54654.7969,50017.5273 
54669.4727,51576.0781 
54678.4570,53121.2227 
54690.8438,54691.9062 
54691.1641,56267.0898 
54688.0391,57832.6523 
54696.9727,59370.7852 
54703.3750,60913.3359 
54710.1836,62490.3984 
54715.6992,64034.6875 
54723.5195,65605.9219 
54713.4102,67175.8438 
54677.4570,68723.0547 
54658.7227,70290.3047 
54648.7500,71869.3359 
54645.2148,73450.6250 
54648.0117,75009.1719 
54645.3672,76567.6797 
54655.2500,78138.5078 
54681.8320,79664.3281 
54701.9414,81176.0312 
54707.8125,82748.2266 
54709.0977,84328.5547 
54714.9805,85907.8828 
54729.4492,87471.3594 
54734.0352,89015.5781 
54738.0000,90573.5938 
54755.8320,92152.9453 
54759.2539,93722.6562 
54752.3008,95286.4531 
54751.3125,96856.7188 
54744.8555,98455.3750 
56225.8398,50038.3789 
56236.2852,51582.1406 
56241.9492,53135.1406 
56257.0820,54703.7930 
56253.2305,56258.2969 
56247.7266,57837.1211 
56262.8633,59386.9688 
56284.7266,60925.5078 
56291.9219,62494.3281 
56292.0625,64038.0742 
56291.2422,65602.1641 
56269.5000,67142.1641 
56244.5078,68699.9688 
56242.0156,70290.1875 
56246.2070,71864.8281 
56241.1641,73445.8672 
56230.2773,75002.6953 
56230.6680,76572.1562 
56234.8086,78150.8828 
56238.8242,79685.5547 
56267.3945,81198.3203 
56294.4922,82754.8906 
56301.2344,84331.8984 
56298.1367,85908.7031 
56275.5742,87462.2812 
56264.1719,89019.2891 
56280.9883,90591.6016 
56296.9336,92165.9766 
56308.3086,93722.0938 
56314.1055,95287.8672 
56319.4375,96858.7578 
56324.3242,98455.7891 
57809.1562,50053.2578 
57813.3750,51584.2266 
57818.5977,53144.3828 
57814.0391,54700.3516 
57798.7383,56244.0938 
57790.0234,57838.2500 
57793.3438,59408.0078 
57810.3320,60940.7383 
57812.3203,62491.0586 
57816.5859,64045.2891 
57824.0859,65597.0234 
57820.1992,67125.6641 
57817.5625,68689.7969 
57806.1719,70288.5938 
57802.4336,71866.2422 
57801.4492,73438.1016 
57803.5664,75002.8594 
57812.6641,76578.0547 
57809.3203,78142.4141 
57805.8516,79696.8203 
57830.0742,81238.4453 
57857.6914,82773.9688 
57864.0234,84331.9688 
57858.0977,85891.7969 
57841.7109,87437.4453 
57834.8555,89024.3125 
57842.1172,90607.6406 
57855.4141,92182.5312 
57872.1992,93735.8438 
57880.6758,95291.9062 
57885.3594,96863.9297 
57884.6094,98453.7500 
59373.1289,50051.0039 
59368.3477,51588.1602 
59372.7734,53145.2344 
59368.9570,54689.1484 
59372.8555,56242.1094 
59375.3945,57829.0664 
59357.4883,59406.1758 
59352.5039,60950.5117 
59361.1406,62493.6406 
59366.9844,64053.2617 
59359.0234,65592.0469 
59359.8750,67133.9375 
59380.1641,68691.0312 
59378.0742,70275.6172 
59370.0703,71865.1719 
59367.5000,73438.2266 
59367.2812,75009.6328 
59366.2383,76580.4844 
59371.9062,78143.5312 
59384.0430,79706.2500 
59390.1367,81254.8750 
59389.1484,82779.3203 
59389.3555,84333.9219 
59394.4023,85889.8672 
59399.7188,87435.4531 
59409.2422,89028.0156 
59414.7969,90612.9062 
59418.7031,92192.1875 
59423.1875,93745.5938 
59438.1484,95303.8672 
59451.8945,96868.1172 
59447.3906,98447.6328 
60930.9922,50038.8555 
60928.3242,51591.9375 
60939.5078,53152.0742 
60949.8359,54692.2383 
60956.0195,56254.1250 
60964.2188,57825.1016 
60953.8164,59382.6484 
60931.2539,60947.7305 
60933.6250,62504.1289 
60935.9180,64047.4258 
60926.4961,65580.5781 
60932.4883,67153.9844 
60954.6172,68709.9141 
60961.3164,70268.5078 
60951.8359,71856.8984 
60941.1953,73431.5234 
60935.7305,75005.9531 
60940.8164,76583.7656 
60953.2812,78156.9922 
60957.0430,79711.8438 
60957.1914,81256.0312 
60962.1406,82779.2969 
60966.5781,84337.7656 
60965.6133,85890.9375 
60970.3008,87446.8047 
60986.8750,89041.7422 
60999.1250,90621.0625 
61010.8359,92198.1562 
61023.2617,93757.4297 
61038.9258,95322.3750 
61043.3086,96867.6562 
61032.3828,98435.6328 
62491.3945,50035.5664 
62495.5938,51597.4141 
62498.6367,53165.2227 
62513.0977,54701.3555 
62516.1641,56253.6367 
62510.6211,57829.7070 
62505.6250,59364.9609 
62494.0273,60936.1406 
62497.1914,62511.4648 
62497.4570,64043.9453 
62499.0312,65581.9766 
62501.2812,67162.8906 
62505.4609,68722.5859 
62515.6797,70267.4297 
62515.2500,71848.1562 
62511.3203,73426.3203 
62516.6992,75013.9375 
62533.1289,76599.7109 
62540.1602,78161.0156 
62537.2383,79707.0000 
62535.9180,81259.2188 
62538.7305,82786.0234 
62542.6719,84339.3047 
62546.1523,85892.2031 
62557.7148,87460.8047 
62563.3281,89049.7734 
62566.8047,90631.3281 
62580.2266,92212.1172 
62589.5586,93769.3672 
62592.9219,95328.2734 
62596.5664,96867.7891 
62602.5664,98424.0312 
64068.4258,50041.3164 
64064.7422,51591.3594 
64053.8555,53168.1406 
64066.5664,54721.6797 
64078.8906,56246.7070 
64056.1172,57811.8516 
64035.8750,59356.3047 
64039.6641,60940.8594 
64041.9922,62511.7305 
64027.2266,64035.3203 
64022.3008,65584.9766 
64027.3516,67163.5234 
64043.8125,68741.3281 
64074.3906,70283.8906 
64085.1719,71845.4141 
64076.3164,73422.2891 
64074.8984,75023.5391 
64078.4375,76605.5938 
64075.0039,78160.7578 
64081.5820,79711.2031 
64084.3555,81256.4141 
64079.8438,82786.3828 
64081.8008,84344.3750 
64091.7773,85903.8906 
64101.2383,87467.3984 
64102.3984,89049.9531 
64119.1367,90647.3750 
64133.3984,92220.2969 
64132.8203,93770.4453 
64129.6250,95325.8047 
64126.5977,96877.8750 
64142.5000,98435.0547 
65652.3750,50037.7734 
65646.2266,51580.7305 
65632.2031,53158.0625 
65609.5859,54728.2773 
65598.3438,56240.4844 
65590.3281,57788.7383 
65587.9375,59353.5312 
65580.7031,60937.8203 
65553.9219,62493.3047 
65542.9453,64027.0195 
65560.4766,65598.2031 
65584.1250,67177.8438 
65595.1797,68764.5938 
65610.0234,70308.4766 
65623.6016,71844.0469 
65623.1484,73414.4141 
65625.3359,75027.4375 
65619.7734,76599.1406 
65602.8906,78155.1484 
65594.9922,79717.1641 
65607.5469,81262.2266 
65627.3828,82789.1719 
65627.5859,84344.0469 
65624.7969,85913.2891 
65637.5234,87476.2266 
65660.0000,89066.5703 
65679.5781,90667.0234 
65679.8984,92219.4375 
65678.6094,93771.8828 
65682.0156,95319.6641 
65677.3906,96876.9453 
65685.0312,98455.7891 
67251.1797,50037.3398 
67249.1797,51574.1406 
67227.0781,53124.1992 
67171.0078,54684.2422 
67133.0547,56231.0156 
67135.6406,57794.0547 
67138.3906,59352.8398 
67119.2578,60907.5781 
67094.2344,62473.1211 
67105.2812,64046.4336 
67133.5000,65628.6250 
67152.3672,67190.2578 
67145.7031,68757.3359 
67135.9688,70318.3750 
67150.2188,71859.4922 
67176.7266,73427.4453 
67185.0391,75022.2344 
67153.1641,76570.0625 
67116.0625,78129.8438 
67099.8516,79717.5312 
67118.5234,81295.7734 
67150.8594,82811.0625 
67169.7500,84342.3125 
67182.0156,85919.9766 
67204.1250,87503.1250 
67233.0000,89090.0156 
67234.0859,90664.4375 
67221.1016,92210.7969 
67214.7578,93774.2891 
67221.7891,95327.7969 
67237.5547,96881.8906 
67243.3125,98465.5156 
68812.4453,50037.4453 
68796.4453,51559.7188 
68777.1562,53091.1719 
68752.2734,54635.6680 
68728.2734,56216.4102 
68712.8281,57789.2148 
68692.0781,59340.3984 
68690.4688,60896.3398 
68704.3750,62476.7031 
68713.7500,64062.5977 
68709.3906,65638.4375 
68709.1797,67197.0938 
68716.6328,68749.6094 
68713.9062,70316.5469 
68715.3828,71879.2266 
68733.4922,73451.7266 
68736.7266,75006.5000 
68719.4062,76536.3203 
68712.5703,78112.7109 
68711.9453,79715.6406 
68695.9766,81300.0625 
68673.2031,82824.2578 
68697.3516,84376.3750 
68743.0156,85947.3203 
68772.8281,87531.6797 
68791.3828,89102.2656 
68789.2812,90652.4844 
68783.2031,92202.6172 
68777.5391,93769.7500 
68776.8281,95340.3438 
68779.4375,96888.4922 
68770.6484,98460.7734 
70342.4375,50025.9023 
70326.8281,51538.8438 
70319.5938,53085.5078 
70329.7969,54627.6836 
70326.9922,56200.0273 
70306.2500,57764.8945 
70290.8047,59329.5469 
70297.3828,60914.8125 
70310.7656,62490.4727 
70309.2344,64056.2930 
70296.0234,65625.0391 
70288.8594,67201.8125 
70292.0469,68754.3984 
70286.4062,70308.4219 
70281.2812,71883.5625 
70281.6406,73457.6953 
70275.4609,75000.7188 
70286.8750,76543.5234 
70307.8672,78123.8594 
70318.2734,79712.9375 
70307.7969,81265.7188 
70286.6797,82810.9844 
70290.6953,84410.7266 
70305.0312,85977.2344 
70319.7734,87551.6953 
70325.6719,89107.6719 
70328.4062,90652.3906 
70335.6094,92202.9141 
70335.3672,93763.7422 
70319.2188,95331.1094 
70300.5938,96877.8828 
70290.6328,98448.6484 
71876.6094,50015.1094 
71880.0781,51534.8359 
71883.7422,53090.8945 
71894.9688,54643.8672 
71908.2734,56192.1016 
71903.3750,57752.0742 
71905.0078,59328.6797 
71898.3203,60913.6367 
71882.7500,62486.3555 
71873.5547,64048.8711 
71870.6562,65617.9609 
71869.8750,67200.3516 
71868.2188,68751.6719 
71864.3594,70301.2578 
71862.1250,71884.0938 
71856.1094,73448.5312 
71847.6953,74999.4766 
71857.5391,76564.3203 
71872.1250,78138.2500 
71883.0625,79721.7500 
71896.5938,81267.0000 
71914.5234,82814.0547 
71910.8359,84404.2500 
71892.4531,85976.4297 
71890.3828,87555.1328 
71880.7812,89100.7578 
71875.7891,90659.4531 
71885.8047,92212.0234 
71887.2969,93753.5781 
71864.7734,95304.3828 
71849.1719,96870.6953 
71846.2891,98439.3203 
73435.1953,50013.3438 
73452.4141,51551.1484 
73463.5703,53088.9023 
73464.1641,54659.4961 
73479.2812,56201.2930 
73484.7422,57752.5898 
73489.0859,59331.9961 
73489.8828,60901.1562 
73485.5000,62474.6758 
73477.9766,64043.0781 
73475.9453,65619.2188 
73475.5000,67199.3125 
73471.3828,68750.4609 
73469.1562,70297.8906 
73460.6797,71876.8516 
73451.7109,73440.9219 
73455.9766,75003.7656 
73463.4766,76574.9219 
73467.6797,78146.6016 
73463.9922,79723.7266 
73452.0547,81276.3281 
73455.4531,82824.6250 
73456.5000,84389.1719 
73456.1016,85972.7812 
73461.6719,87554.9609 
73459.8125,89090.8281 
73456.4922,90660.6562 
73456.7422,92218.4922 
73453.6719,93743.0234 
73441.6953,95284.2266 
73430.8047,96863.9062 
73417.8203,98428.8594 
74980.0469,50020.0898 
74992.3125,51577.1953 
75028.4297,53103.8086 
75051.8672,54666.6562 
75052.2578,56207.6797 
75055.6641,57756.8828 
75064.9219,59339.0117 
75077.8359,60909.9414 
75087.9844,62472.7539 
75076.6797,64033.4688 
75070.1406,65619.6484 
75065.9219,67191.2422 
75055.7344,68744.1094 
75052.1250,70294.2969 
75048.6484,71866.8750 
75042.3828,73439.3047 
75043.7734,75011.6328 
75044.9375,76575.5625 
75043.7188,78144.1719 
75026.6094,79698.7266 
74990.2734,81256.7891 
74979.9062,82831.9375 
74997.7422,84401.0938 
75015.5078,85981.8281 
75011.2578,87552.0703 
75002.2734,89088.2500 
74999.7266,90658.0547 
74996.0469,92216.4141 
74997.5625,93740.8359 
75011.7031,95285.2344 
75016.4219,96851.7266 
75002.8047,98419.8047 
76530.0234,50015.7852 
76523.3047,51594.7617 
76553.6953,53154.5586 
76598.2500,54682.8398 
76604.0547,56203.5039 
76613.2578,57770.7148 
76627.8516,59349.5703 
76638.7188,60925.4375 
76645.5547,62468.2734 
76629.1406,64015.3320 
76614.1016,65615.3359 
76606.7969,67185.1406 
76605.1250,68740.5312 
76604.4062,70294.0938 
76605.4844,71864.2031 
76604.1328,73433.9219 
76602.6875,75012.9375 
76609.2656,76579.5938 
76617.8516,78145.8359 
76613.5859,79672.5547 
76590.4141,81226.5078 
76570.1328,82831.9766 
76566.4531,84416.7969 
76562.7031,85980.3594 
76548.5078,87536.4219 
76544.1094,89085.3984 
76547.2188,90655.5078 
76539.1875,92211.7734 
76542.1016,93757.4844 
76567.8125,95309.1016 
76576.3281,96845.1328 
76563.5938,98406.2578 
78129.7266,50014.8086 
78126.4766,51587.5508 
78114.9219,53182.8047 
78128.1641,54708.7227 
78150.2344,56214.1211 
78170.5234,57787.6797 
78178.6641,59356.3086 
78186.9453,60937.8281 
78192.8594,62464.6055 
78184.1953,63998.1406 
78165.8828,65597.2891 
78141.8047,67173.9375 
78131.2344,68738.9531 
78131.6406,70295.1875 
78144.0312,71873.6016 
78160.0859,73438.3047 
78165.9531,75017.9922 
78167.2344,76585.2891 
78156.5234,78142.0703 
78146.7188,79666.5156 
78152.4297,81213.4609 
78142.0391,82812.8281 
78119.7266,84403.1484 
78099.8672,85965.4688 
78093.2500,87533.5625 
78104.1875,89096.2500 
78110.2812,90653.2734 
78096.4531,92195.7969 
78085.0547,93765.7969 
78085.0156,95319.0703 
78081.8906,96840.9062 
78082.3594,98394.8281 
79737.4453,50022.8477 
79733.6406,51573.1133 
79711.2344,53163.4102 
79690.6641,54716.5391 
79700.8359,56239.5898 
79719.4609,57800.9805 
79724.3359,59360.5586 
79729.0234,60945.8320 
79726.1797,62459.4453 
79717.2109,63987.5156 
79706.4062,65576.8516 
79694.8047,67156.2891 
79689.1094,68735.7422 
79690.6484,70302.9844 
79696.4219,71890.2188 
79701.8828,73445.7812 
79693.2969,75010.9531 
79679.1797,76575.8359 
79672.6875,78126.1328 
79677.0312,79674.4375 
79697.1250,81225.3438 
79699.1094,82797.8047 
79686.2891,84383.4609 
79665.9062,85947.5469 
79651.8906,87535.2578 
79648.8984,89099.9375 
79637.4141,90645.2578 
79632.1172,92185.9766 
79636.4766,93764.2344 
79637.0703,95315.0000 
79635.8516,96843.2656 
79635.1641,98393.2812 
81315.5391,50013.8164 
81304.0859,51564.1328 
81302.7891,53144.7227 
81290.3594,54702.2539 
81275.1484,56246.1836 
81268.5938,57805.3477 
81265.6016,59360.0664 
81255.3047,60941.4297 
81247.5312,62454.0547 
81249.3906,63981.1758 
81245.4844,65571.3828 
81247.6953,67157.0312 
81249.6328,68733.8125 
81241.5547,70295.8281 
81221.2891,71881.3594 
81212.0547,73443.8906 
81211.6875,74998.0469 
81210.5469,76575.6094 
81229.4609,78140.5625 
81250.9453,79693.2266 
81260.0547,81235.3984 
81262.2734,82794.5312 
81262.2969,84371.8281 
81242.5859,85920.6797 
81217.7109,87523.8438 
81206.6484,89088.7500 
81191.0781,90631.1875 
81188.1406,92194.0156 
81198.2109,93771.5078 
81198.2969,95313.2266 
81189.6719,96835.1094 
81179.3594,98389.4219 
82844.4297,50010.6328 
82856.5625,51568.9414 
82868.3672,53149.4141 
82866.3359,54687.1797 
82845.6562,56223.3008 
82820.5312,57795.2266 
82811.8047,59352.2148 
82791.5156,60919.4609 
82777.9922,62458.8203 
82798.2109,63990.9102 
82807.3828,65567.1641 
82800.3984,67155.4531 
82795.9688,68732.9766 
82799.3906,70287.1016 
82795.8750,71866.2500 
82795.6172,73449.1641 
82804.6953,75002.3281 
82810.6797,76583.8047 
82814.7031,78156.2266 
82814.3906,79698.5078 
82811.7109,81236.0312 
82812.1406,82797.5625 
82802.0156,84362.3906 
82786.3984,85898.4297 
82776.8828,87510.0000 
82770.2031,89080.0547 
82762.9453,90619.0312 
82756.6406,92197.2109 
82752.5859,93770.2734 
82744.8828,95308.1797 
82748.7031,96830.0703 
82757.5547,98395.0703 
84378.9453,50034.1914 
84406.0156,51585.6719 
84402.1172,53145.3164 
84391.3672,54681.2344 
84391.9688,56203.9648 
84372.3359,57772.7344 
84348.2500,59340.0352 
84334.1328,60897.9883 
84332.4375,62468.0859 
84355.6328,64019.3516 
84382.6641,65575.9297 
84395.2344,67150.4609 
84393.1953,68732.3203 
84393.9531,70293.5625 
84401.8594,71867.7344 
84401.7109,73450.1328 
84392.6250,75003.7266 
84382.5391,76581.0781 
84370.9297,78151.7031 
84368.9688,79696.1797 
84366.7656,81233.7109 
84356.6250,82785.8672 
84335.6562,84339.9531 
84331.2891,85898.4062 
84340.6797,87508.1484 
84333.2422,89074.3438 
84331.2109,90614.6094 
84326.4062,92189.9609 
84313.9375,93759.7109 
84308.3047,95309.3125 
84322.0469,96847.1016 
84335.2734,98401.5781 
85958.5312,50056.9375 
85967.1094,51592.5977 
85958.7188,53126.2070 
85947.5703,54680.3164 
85950.6797,56207.1016 
85949.5859,57748.1484 
85927.0625,59316.8398 
85911.6797,60893.8438 
85916.9062,62480.5352 
85929.4297,64041.4219 
85946.0391,65600.6406 
85967.7031,67163.1641 
85974.8359,68727.9141 
85974.6172,70298.4922 
85983.8125,71875.0078 
85976.7109,73436.1172 
85952.3203,74983.7031 
85925.2891,76558.3984 
85898.9297,78140.4062 
85892.3281,79697.7969 
85888.6484,81225.4453 
85886.1094,82778.8203 
85894.9375,84337.7344 
85907.4766,85911.8203 
85906.0234,87500.8828 
85890.4141,89064.9219 
85893.4219,90619.5000 
85891.6406,92178.1406 
85874.2109,93745.8984 
85867.2656,95312.6719 
85874.6641,96860.9219 
85885.7656,98407.7031 
87526.4141,50055.8398 
87519.3125,51592.6758 
87529.6484,53127.2188 
87534.5312,54671.8008 
87526.1406,56210.4883 
87539.2500,57752.6445 
87546.2578,59299.8711 
87532.0078,60882.9922 
87524.8672,62487.2109 
87531.1719,64050.2422 
87530.7344,65609.1641 
87530.0547,67176.1094 
87538.1250,68731.5391 
87544.0312,70304.7109 
87545.3047,71875.3203 
87534.2734,73416.7109 
87525.6016,74967.7812 
87522.4922,76535.8125 
87498.5312,78114.0000 
87470.3750,79690.9219 
87471.7500,81228.3047 
87481.9453,82785.0547 
87476.1484,84341.5078 
87461.1953,85909.3672 
87450.7031,87489.6016 
87452.3125,89063.2109 
87449.6562,90620.6094 
87433.7656,92162.6797 
87421.2734,93732.2109 
87419.8359,95315.8359 
87436.5156,96876.8359 
87464.9062,98429.6953 
89107.7188,50044.7109 
89098.3438,51590.3633 
89100.3750,53143.4141 
89113.7969,54674.1055 
89124.5312,56214.6641 
89130.8672,57766.6055 
89131.3281,59298.7422 
89135.9297,60875.8594 
89135.0781,62485.2734 
89127.6094,64049.8242 
89115.8359,65595.8438 
89098.1016,67172.1953 
89095.3594,68739.2812 
89104.4062,70310.2266 
89115.9062,71876.6172 
89127.8438,73415.0078 
89134.1953,74972.0234 
89131.7188,76530.8516 
89114.4141,78080.3281 
89084.4062,79669.2031 
89074.9922,81239.6953 
89074.0547,82782.1172 
89060.6328,84321.1875 
89042.5156,85889.5781 
89028.1172,87487.8906 
89024.3203,89063.1406 
89004.5938,90597.4453 
88983.1484,92148.9844 
88986.2969,93734.9453 
89001.0078,95329.7500 
89032.7266,96910.9844 
89069.9844,98461.9062 
90690.8516,50043.1875 
90693.4531,51584.7656 
90694.1016,53147.3672 
90700.6875,54688.8438 
90710.8828,56223.0898 
90704.8828,57758.5547 
90700.6797,59302.4180 
90715.5078,60887.7344 
90711.0078,62472.4297 
90692.3516,64039.5781 
90691.7969,65585.4141 
90681.2109,67154.1641 
90667.3516,68741.3125 
90679.2344,70327.6328 
90695.8750,71894.0391 
90707.6484,73428.8906 
90713.3906,74966.3281 
90692.8750,76511.8984 
90678.7734,78066.9297 
90682.4531,79654.6328 
90662.3047,81222.4375 
90627.6875,82766.7266 
90622.6641,84320.0781 
90632.1719,85878.4375 
90617.5078,87469.9141 
90590.9609,89046.6484 
90577.0312,90580.1016 
90577.7031,92145.5000 
90580.6719,93744.5703 
90593.8047,95351.9922 
90616.7734,96947.8906 
90644.6172,98488.4062 
92241.1328,50051.1250 
92252.9297,51594.3828 
92261.1641,53151.3789 
92264.5781,54696.1953 
92269.0469,56222.7305 
92267.5781,57753.4531 
92280.0703,59317.1211 
92290.6875,60891.2930 
92271.5938,62446.8906 
92248.5859,64030.9180 
92249.3594,65592.7031 
92254.9297,67142.2734 
92251.0312,68739.4844 
92252.7969,70338.6406 
92242.2656,71888.4531 
92229.6328,73436.1562 
92247.4688,74973.2344 
92256.1875,76493.8906 
92251.4141,78070.9531 
92250.8281,79652.3047 
92224.7344,81181.5547 
92187.7969,82737.4766 
92175.8047,84330.8359 
92191.0625,85889.7188 
92201.1094,87451.6172 
92181.5234,89019.9922 
92167.1562,90581.6641 
92179.2891,92154.9141 
92196.8594,93755.2578 
92206.7812,95359.3516 
92191.4922,96955.2188 
92202.5078,98516.3125 
93812.8750,50055.7852 
93816.0859,51601.4180 
93812.0234,53147.0078 
93805.4062,54701.5469 
93815.8516,56230.3281 
93826.6797,57760.0273 
93840.6562,59335.2969 
93852.5859,60888.7461 
93849.0156,62425.2695 
93831.3516,64012.5664 
93817.6562,65597.2500 
93827.7266,67149.4141 
93826.4922,68733.3516 
93810.1250,70330.8438 
93803.5625,71873.7734 
93804.8516,73439.3516 
93813.2344,74995.6094 
93824.1797,76497.9531 
93817.9297,78061.5938 
93792.7812,79631.1719 
93772.7422,81156.0469 
93763.3594,82717.1641 
93741.6953,84321.1875 
93728.9062,85904.7578 
93746.3906,87462.5156 
93766.5391,89009.7109 
93773.6172,90582.9062 
93779.0391,92170.1797 
93788.3750,93773.4453 
93790.0000,95348.7031 
93774.8047,96938.7734 
93786.6328,98548.5000 
95343.9297,50055.3047 
95351.7578,51609.7344 
95364.4219,53142.2305 
95356.1484,54694.7695 
95348.6406,56240.8984 
95363.5312,57775.6914 
95387.5938,59355.0508 
95409.3047,60901.6172 
95422.9688,62425.0781 
95418.1250,63993.5820 
95404.3594,65594.3047 
95405.1953,67156.9688 
95397.8281,68714.0938 
95378.7812,70317.1250 
95384.1016,71886.2109 
95399.4219,73443.1719 
95386.4922,74990.0234 
95369.7344,76493.4531 
95351.3125,78039.4609 
95329.9766,79609.1797 
95322.1016,81151.6953 
95316.9844,82705.3125 
95299.9297,84292.0391 
95277.3438,85896.4844 
95277.3281,87488.4219 
95308.0938,89040.4531 
95337.6562,90595.0078 
95347.8281,92170.1641 
95339.4219,93768.2812 
95332.8438,95347.4531 
95347.9609,96944.3359 
95353.8906,98563.9844 
96897.3359,50053.6328 
96894.8203,51619.4102 
96891.3125,53146.3125 
96887.5938,54681.4766 
96885.0234,56242.7852 
96898.7031,57799.4727 
96921.9062,59380.3164 
96942.0781,60919.8203 
96954.1250,62431.8633 
96956.0078,63983.9336 
96948.5938,65584.3594 
96939.0078,67155.6562 
96943.1797,68709.0781 
96947.6484,70310.2656 
96943.5391,71897.3750 
96938.5625,73438.5234 
96918.8281,74966.4844 
96903.0000,76478.4531 
96886.7188,78017.7734 
96868.5547,79596.4531 
96857.8438,81144.7578 
96857.5156,82703.9844 
96872.0703,84287.2891 
96872.9922,85881.0938 
96855.5469,87488.0156 
96850.3984,89062.7969 
96868.2734,90619.3281 
96897.8906,92185.3984 
96911.1875,93758.4688 
96905.6250,95353.1719 
96914.9141,96956.8828 
96914.0781,98555.5234 
98470.6875,50050.7070 
98458.7578,51602.0586 
98432.4141,53133.3125 
98428.3594,54685.5430 
98439.9453,56252.7695 
98453.4766,57815.6719 
98464.2812,59396.6211 
98475.5625,60935.2383 
98487.1484,62440.3594 
98497.5547,63988.7773 
98500.5000,65574.9375 
98483.0547,67146.5703 
98484.2266,68725.4922 
98500.5547,70310.6250 
98484.7031,71880.1094 
98460.2031,73421.9062 
98449.5938,74952.4688 
98442.8750,76468.3203 
98425.2031,77994.9688 
98401.1016,79579.2500 
98393.4219,81142.7031 
98407.2500,82721.4688 
98427.6562,84306.1328 
98442.5156,85878.0781 
98443.8516,87473.2812 
98442.0938,89066.5000 
98447.8750,90638.1953 
98454.5078,92207.7188 
98466.7344,93761.9297 
98474.5312,95354.0547 
98481.8828,96966.0391 
98495.4062,98565.4375 