99942.7031,99984.7891 
99946.7031,1531.63110 
99933.9844,3082.35107 
99926.1094,4641.65771 
99943.0391,6184.18408 
99957.2500,7754.21875 
99955.4453,9297.12500 
99955.5781,10843.1553 
99967.4609,12409.5312 
99978.4766,13955.3672 
99986.2891,15518.9150 
99972.0703,17085.4941 
99932.0703,18672.0527 
99908.7266,20236.0449 
99915.9453,21792.3145 
99932.5156,23383.0605 
99934.9141,24978.0918 
99935.5703,26539.3184 
99956.7266,28065.5410 
99972.8125,29634.2266 
99955.7812,31212.4297 
99938.2109,32777.8711 
99935.5703,34343.8555 
99933.2656,35913.6641 
99934.5625,37484.9648 
99920.2344,39063.1133 
99897.7188,40633.0859 
99899.3594,42226.8555 
99916.7188,43793.9922 
99936.3047,45332.1016 
99960.6562,46897.6289 
99974.6797,48461.7422 
1503.60999,99973.4375 
1490.61902,1529.17310 
1493.22278,3074.11255 
1494.47400,4648.43311 
1504.96289,6204.49072 
1512.00330,7753.33057 
1503.35278,9288.19043 
1503.60596,10850.1045 
1510.95288,12421.9316 
1518.85291,13963.2285 
1515.44775,15514.4395 
1504.97498,17060.6582 
1491.51868,18640.5820 
1480.80103,20232.0840 
1487.57361,21809.2617 
1492.64978,23386.6406 
1484.84729,24968.1445 
1479.99048,26547.5039 
1494.95923,28094.0840 
1518.51501,29643.9590 
1524.24817,31197.6895 
1517.08069,32772.4570 
1512.94897,34341.9492 
1504.21899,35904.8945 
1481.55542,37470.3828 
1470.28674,39054.2109 
1493.52222,40640.8555 
1509.00476,42230.9258 
1500.27002,43799.0234 
1509.04285,45356.1953 
1522.88367,46912.2188 
1515.69324,48459.5742 
3044.90771,99949.9844 
3026.12549,1524.85449 
3030.07397,3082.56934 
3031.62012,4645.48877 
3019.19263,6205.71582 
3007.32764,7748.36035 
3009.49146,9290.87207 
3020.01880,10855.3740 
3022.61694,12427.8281 
3031.53540,13968.9736 
3038.59888,15509.7695 
3047.57861,17063.7188 
3055.41650,18637.1426 
3054.56445,20231.4727 
3061.29346,21816.1660 
3071.82861,23389.5332 
3080.70557,24965.6816 
3076.50000,26543.4707 
3068.94824,28104.9805 
3074.38818,29659.2832 
3084.29614,31199.5488 
3084.88818,32764.6973 
3074.68457,34333.5742 
3061.12622,35888.2773 
3047.93311,37450.0742 
3048.88257,39068.6289 
3071.06689,40673.3828 
3084.70874,42231.3828 
3086.87061,43796.8281 
3091.83081,45365.1641 
3084.83325,46903.8047 
3082.66309,48456.4609 
4605.40430,99940.2578 
4600.48633,1512.39868 
4592.53955,3087.13062 
4591.00098,4636.54102 
4570.85400,6181.68555 
4548.36182,7737.41455 
4548.36670,9302.58691 
4557.85693,10861.1367 
4555.89844,12427.0967 
4551.09912,13978.8242 
4566.24756,15526.6182 
4590.03516,17079.0469 
4599.40283,18637.1758 
4605.21533,20239.3047 
4625.25342,21833.9648 
4636.56104,23399.0566 
4634.30518,24968.2363 
4638.27637,26538.7598 
4641.96777,28101.4180 
4640.64355,29664.3848 
4648.25684,31209.9434 
4659.53271,32765.5508 
4657.00195,34320.5273 
4645.73389,35878.6797 
4651.17432,37453.0977 
4657.19189,39074.1133 
4649.62988,40679.2852 
4650.01074,42236.2969 
4660.39893,43805.6367 
4667.00928,45365.5977 
4675.22607,46906.1211 
4696.69971,48476.5938 
6141.19141,99962.2344 
6165.35107,1510.18652 
6165.42188,3083.12427 
6157.96777,4627.40381 
6146.32471,6162.48584 
6147.20605,7733.00342 
6148.75684,9305.42676 
6146.49512,10865.8477 
6147.34180,12417.5420 
6141.21338,13976.1816 
6148.09131,15547.2363 
6162.22754,17098.1035 
6179.58398,18647.6133 
6188.71729,20250.0703 
6190.65234,21846.2891 
6190.07764,23392.2891 
6182.52051,24966.0352 
6191.39697,26555.0547 
6205.89941,28105.7422 
6210.89502,29667.2188 
6222.33594,31222.6133 
6230.78711,32771.2461 
6229.78174,34312.7656 
6227.93115,35877.4570 
6236.88232,37465.5234 
6237.96191,39066.0273 
6226.58984,40672.3555 
6234.79297,42250.2305 
6254.78760,43818.7188 
6268.00342,45374.4805 
6284.28711,46925.4922 
6288.28564,48481.6211 
7694.47705,99994.7500 
7721.87598,1528.13818 
7730.51660,3078.84229 
7723.07568,4615.77637 
7718.48730,6162.61768 
7733.40137,7748.35010 
7742.73193,9297.93945 
7729.75049,10861.3389 
7730.10986,12422.7539 
7741.37793,13981.8994 
7740.35303,15549.0391 
7731.13135,17104.6582 
7739.14746,18661.8203 
7739.22070,20242.9316 
7729.25146,21846.3770 
7742.41260,23399.1152 
7748.72607,24960.6973 
7734.35840,26559.1680 
7737.24121,28115.9141 
7750.68994,29678.5020 
7761.64844,31235.0820 
7769.01758,32774.4102 
7778.41895,34317.6797 
7797.37793,35887.6719 
7810.51758,37474.1914 
7815.91797,39061.2852 
7818.16309,40668.9766 
7818.15430,42263.3125 
7825.26807,43834.3750 
7836.78760,45387.5078 
7847.48242,46936.5898 
7843.47266,48463.6758 
9263.63770,16.6493835 
9281.52441,1546.94727 
9292.04980,3080.19336 
9303.92188,4618.15820 
9315.08008,6165.75928 
9314.06348,7763.06201 
9324.79492,9301.10742 
9329.25195,10852.2676 
9327.05078,12427.2959 
9321.84570,13978.7529 
9300.79688,15529.7891 
9285.79297,17100.8770 
9291.75293,18673.5898 
9305.49805,20239.7754 
9304.52734,21844.1582 
9298.83691,23412.9727 
9298.23242,24950.5762 
9285.04297,26545.3477 
9282.37109,28126.8809 
9283.28711,29683.1797 
9282.73438,31241.1406 
9290.33984,32782.0664 
9301.17676,34337.8789 
9325.82812,35911.9180 
9342.22461,37482.2344 
9355.58203,39076.1094 
9380.88184,40678.5195 
9386.58984,42259.1172 
9386.20801,43841.4844 
9400.52539,45399.8438 
9405.90527,46937.9961 
9396.48145,48453.7422 
10842.5684,26.6981430 
10856.6162,1564.77856 
10875.3916,3093.32886 
10897.0273,4643.09424 
10911.0000,6164.77979 
10894.0098,7753.00146 
10890.6064,9314.60352 
10904.0117,10857.3584 
10907.3115,12427.5371 
10910.1777,13971.1328 
10915.1055,15517.7031 
10916.0684,17096.7656 
10914.5586,18684.7734 
10929.9688,20256.4316 
10930.2861,21827.0137 
10897.9736,23395.8574 
10887.9990,24950.3164 
10894.3203,26538.4746 
10882.0938,28118.3457 
10868.0596,29677.1992 
10869.4434,31248.7930 
10875.0176,32787.5273 
10877.2646,34346.6133 
10883.7900,35930.2969 
10894.9570,37492.1875 
10906.8398,39096.4648 
10923.2725,40699.3867 
10936.0605,42261.9023 
10947.6426,43855.2734 
10962.4365,45414.5039 
10963.4502,46930.5430 
10962.0537,48448.2734 
12440.4902,30.5735741 
12452.0029,1585.07495 
12468.5928,3109.01172 
12470.7314,4654.35059 
12470.1182,6161.12500 
12469.0215,7740.38379 
12471.8496,9324.89648 
12478.4150,10862.3574 
12469.1621,12421.9346 
12461.1719,13979.1514 
12474.7646,15534.3672 
12493.6162,17100.2910 
12498.9424,18686.3398 
12500.6387,20266.8379 
12499.8105,21809.8066 
12487.1738,23371.6582 
12485.8887,24960.2852 
12498.5869,26541.6055 
12494.7305,28102.4785 
12486.9961,29669.9414 
12467.0459,31239.1152 
12449.4590,32789.4766 
12463.9971,34355.7500 
12471.2041,35934.5586 
12475.7676,37503.3125 
12485.1943,39104.0195 
12485.4922,40708.2383 
12495.0557,42274.6133 
12503.7559,43862.6758 
12494.2412,45411.0391 
12487.3516,46933.4805 
12515.0039,48472.5312 
14044.3516,34.2670593 
14046.5830,1595.97400 
14044.1377,3110.04395 
14038.4141,4650.64941 
14052.5664,6172.87354 
14069.3760,7744.52637 
14061.0684,9322.69824 
14045.6426,10855.8818 
14033.6982,12406.4746 
14022.0469,13972.6885 
14018.9746,15548.2979 
14030.9922,17116.9980 
14042.3877,18690.5430 
14047.2402,20269.2871 
14058.6562,21815.3281 
14076.4629,23375.0469 
14091.0332,24971.0137 
14094.6709,26543.6387 
14087.1182,28096.6895 
14078.9512,29658.2969 
14059.4541,31208.5605 
14050.6543,32792.6641 
14062.5498,34371.9609 
14063.3867,35932.1094 
14066.8643,37514.5859 
14076.2559,39106.9102 
14068.4961,40704.3477 
14066.1162,42286.0352 
14076.5361,43864.9023 
14081.9453,45400.5156 
14084.9121,46941.7070 
14101.7422,48508.1562 
15649.9707,30.1335239 
15637.2129,1588.47949 
15626.3701,3101.32324 
15631.0801,4660.65137 
15651.8916,6198.27100 
15661.0879,7743.92480 
15647.1162,9300.77051 
15627.9043,10838.0674 
15610.2129,12395.7197 
15599.6914,13965.8916 
15596.3613,15549.0723 
15596.3848,17124.2910 
15601.4424,18697.4336 
15612.7520,20280.8945 
15630.8350,21835.2520 
15650.2822,23395.7598 
15664.5127,24982.4316 
15667.8926,26538.4473 
15663.9824,28086.9277 
15653.8740,29645.3379 
15647.6826,31202.3750 
15652.3242,32798.6719 
15648.5557,34372.8086 
15654.1719,35935.0234 
15663.0381,37521.7695 
15656.3662,39101.8984 
15643.6445,40691.5781 
15643.4805,42291.9844 
15653.9043,43878.1016 
15666.6367,45414.0234 
15684.7334,46952.8008 
15694.8252,48521.3047 
17233.2656,20.1978340 
17227.3613,1578.58423 
17237.2520,3107.37061 
17250.0625,4672.45166 
17247.6426,6205.18945 
17238.5137,7735.73730 
17225.8652,9289.34863 
17220.8164,10825.4678 
17207.7148,12374.9775 
17190.7402,13956.7686 
17185.9160,15547.6084 
17191.0488,17130.7598 
17206.6934,18708.6914 
17215.0957,20293.4297 
17229.3184,21854.2441 
17240.8652,23403.3477 
17227.9414,24979.4805 
17217.2129,26540.4238 
17228.0176,28092.8906 
17240.8145,29640.3418 
17240.0938,31201.2246 
17230.7012,32790.6719 
17220.1211,34371.7773 
17236.9824,35956.8633 
17253.1484,37520.2930 
17242.6211,39085.9258 
17233.4727,40689.3164 
17240.8301,42303.4883 
17242.8184,43878.5234 
17236.0625,45422.3359 
17246.0938,46968.8945 
17250.4785,48521.4688 
18811.7637,26.0561771 
18826.2109,1588.37634 
18842.1211,3125.54468 
18839.2539,4665.07129 
18818.9453,6193.06494 
18813.4395,7724.29541 
18801.4395,9274.70703 
18792.3086,10824.2656 
18795.8496,12366.8467 
18795.1855,13950.4434 
18792.9141,15547.2637 
18799.8203,17145.4746 
18811.3008,18717.9434 
18803.9980,20292.5195 
18806.2480,21872.8516 
18818.6934,23401.6602 
18807.8477,24955.3633 
18786.2344,26531.5430 
18782.9375,28109.8418 
18801.8652,29654.2031 
18810.0391,31197.6621 
18806.9219,32780.6328 
18806.0234,34372.0312 
18808.6172,35974.9102 
18817.6797,37527.5117 
18824.8906,39078.0820 
18816.6348,40681.0039 
18800.9199,42302.5391 
18794.9883,43873.0352 
18794.2617,45422.3555 
18792.9688,46975.4336 
18790.5957,48514.5273 
20376.7871,43.8528404 
20386.3828,1598.06348 
20386.1230,3127.73853 
20376.3828,4644.39941 
20358.9727,6180.97656 
20358.6699,7729.98877 
20368.6895,9268.70312 
20368.7891,10823.2900 
20367.3770,12369.4902 
20363.9902,13946.3564 
20362.1641,15549.4609 
20373.5273,17158.0156 
20377.2578,18714.7539 
20363.8535,20277.1094 
20347.5059,21874.8223 
20345.2949,23408.3691 
20350.2520,24945.9648 
20340.4883,26514.2676 
20333.4648,28116.6289 
20349.1094,29673.1055 
20363.9609,31199.3809 
20366.6602,32783.2305 
20374.2148,34376.0938 
20376.2969,35972.0195 
20369.9512,37532.6367 
20378.3945,39086.5391 
20386.2559,40669.2656 
20371.3145,42285.9805 
20355.7969,43869.3281 
20340.7109,45411.9219 
20318.9258,46965.8438 
20318.4590,48520.1719 
21912.7539,56.4363289 
21922.1348,1602.54041 
21929.8418,3127.85864 
21930.0898,4635.71631 
21921.0508,6166.52979 
21904.7539,7729.81543 
21905.4590,9277.86621 
21910.2402,10819.8057 
21906.6035,12367.7539 
21909.6699,13943.9258 
21911.7461,15556.1162 
21917.3574,17167.8730 
21918.5996,18710.2090 
21916.2344,20263.7363 
21900.8301,21855.6641 
21878.8574,23403.2500 
21863.0918,24940.3750 
21855.1074,26505.8613 
21858.0527,28122.6621 
21871.1348,29696.9609 
21900.4688,31215.9316 
21914.1738,32784.8242 
21917.1895,34385.8203 
21926.3340,35972.6953 
21930.9180,37533.2422 
21943.1055,39102.8242 
21947.7480,40665.1445 
21924.0273,42259.5117 
21894.2344,43849.0312 
21877.1758,45390.9297 
21869.3242,46954.9766 
21866.8477,48527.0039 
23464.6016,65.1293411 
23468.9785,1612.67407 
23474.6621,3132.20581 
23472.9258,4631.41016 
23472.1562,6157.29590 
23465.9004,7717.42725 
23465.6191,9288.01855 
23478.7578,10821.8789 
23482.9121,12370.6836 
23493.0117,13950.4775 
23489.9238,15549.9453 
23472.5527,17164.0820 
23471.0801,18714.6738 
23479.6934,20263.3984 
23469.3301,21833.0566 
23440.4180,23375.3926 
23415.6016,24923.8965 
23416.4727,26511.8086 
23423.7559,28125.4160 
23422.7676,29712.1133 
23442.4941,31246.6816 
23468.8770,32794.9180 
23478.2441,34389.5039 
23474.4824,35976.2070 
23477.0781,37542.9297 
23480.4473,39108.9648 
23471.2637,40651.2383 
23462.4141,42235.2383 
23455.1562,43833.8008 
23455.8105,45391.1719 
23458.8809,46952.9258 
23440.9277,48509.7539 
25008.4102,65.2482758 
24996.4941,1607.58423 
24991.3379,3136.13379 
25002.9727,4636.45654 
25015.0781,6162.89941 
25014.7031,7708.89258 
25006.0293,9294.80273 
25018.4941,10836.9141 
25041.0293,12383.4658 
25063.7246,13964.2559 
25069.8066,15534.1055 
25046.6348,17143.6816 
25030.2207,18718.4355 
25027.1152,20261.6113 
25011.0918,21810.2012 
24993.6523,23353.3672 
24994.8223,24921.8984 
25003.6367,26521.0352 
25002.8711,28123.5605 
25004.4551,29716.4785 
25012.6309,31267.4316 
25027.1797,32815.7148 
25035.7852,34388.6406 
25030.3301,35969.2539 
25027.2480,37542.5391 
25013.8320,39096.8281 
25007.0488,40650.8984 
25019.7559,42242.6055 
25025.1738,43832.9141 
25022.9434,45391.9961 
25015.3730,46942.5039 
24997.9961,48482.8789 
26560.1191,50.4991760 
26539.1211,1589.55774 
26523.7461,3138.39331 
26526.9258,4649.74707 
26535.6660,6171.66846 
26547.9551,7705.98535 
26553.0859,9292.89648 
26562.8398,10861.1035 
26594.4512,12414.4443 
26620.7891,13985.3125 
26631.6875,15530.2178 
26621.5820,17117.5000 
26601.4004,18706.2832 
26592.9922,20252.9824 
26586.5918,21795.5098 
26586.8867,23353.8750 
26593.7656,24932.2930 
26590.9648,26518.0879 
26582.0312,28120.2031 
26580.7422,29721.2891 
26577.1367,31269.0840 
26571.8398,32820.4570 
26569.2598,34387.7656 
26572.3086,35971.8633 
26576.0645,37538.0742 
26572.6562,39085.0586 
26574.2246,40654.5312 
26565.2734,42241.1719 
26552.1367,43830.6875 
26551.2715,45389.1602 
26543.1719,46930.4492 
26532.3516,48472.5000 
28130.6211,27.3492508 
28111.3965,1566.87512 
28089.7520,3124.54053 
28082.3223,4652.92773 
28093.0195,6186.99268 
28118.0527,7730.36670 
28135.7930,9297.58203 
28128.6582,10870.5898 
28134.6875,12441.0449 
28152.2637,13999.7090 
28165.5723,15537.5234 
28175.6895,17108.6328 
28171.1113,18695.4160 
28166.2402,20251.6543 
28174.4062,21800.9531 
28186.6074,23359.5625 
28179.7832,24925.0020 
28165.9082,26507.4492 
28158.5352,28112.4316 
28141.9551,29710.1602 
28125.7812,31260.5664 
28126.1113,32819.0664 
28127.7383,34385.7188 
28118.3281,35970.1211 
28111.9355,37539.3672 
28126.5957,39097.5156 
28144.6875,40657.5742 
28134.4727,42217.7031 
28105.0371,43816.0430 
28086.6387,45382.9336 
28075.6660,46916.2617 
28064.9141,48465.5195 
29683.3223,19.9755993 
29683.8184,1553.68750 
29679.1855,3113.38989 
29685.5371,4661.17334 
29697.4043,6200.61279 
29697.8613,7743.17041 
29691.6250,9291.73926 
29675.5566,10853.7871 
29666.0820,12450.5361 
29677.5684,14017.0732 
29697.0859,15557.8203 
29718.8125,17118.6074 
29719.5117,18686.0332 
29713.8145,20252.8867 
29725.8418,21817.4961 
29735.6914,23362.9531 
29730.1406,24911.3477 
29724.0547,26502.2207 
29717.4883,28101.0098 
29699.5352,29687.9824 
29691.0820,31257.7988 
29698.6621,32827.7031 
29699.3516,34379.9102 
29689.6191,35956.0625 
29687.1367,37543.8320 
29692.2852,39114.0703 
29692.4551,40661.5547 
29682.8691,42194.2852 
29656.3867,43784.3242 
29638.7402,45371.9766 
29637.3555,46912.2891 
29639.9766,48463.2500 
31227.1816,23.0107174 
31228.1270,1555.22876 
31236.7656,3120.38403 
31246.1738,4673.00732 
31251.1914,6204.41260 
31253.6699,7737.49512 
31255.4883,9287.21875 
31257.1602,10844.9521 
31256.5781,12449.9014 
31252.7988,14022.6289 
31253.1426,15575.0439 
31269.0879,17133.3652 
31276.0625,18681.5215 
31281.8223,20261.0254 
31288.2363,21826.7793 
31285.3281,23362.5742 
31289.3223,24909.0332 
31286.2031,26494.8613 
31269.8945,28085.8379 
31258.5078,29678.4512 
31260.6777,31262.3809 
31256.9648,32826.2734 
31246.8359,34374.2734 
31250.1621,35956.9297 
31252.3398,37543.1875 
31240.8926,39105.2422 
31233.5859,40656.8867 
31238.4199,42186.5898 
31242.7188,43772.2148 
31238.6719,45366.2500 
31224.7324,46907.0430 
31222.6621,48470.6211 
32808.7266,20.7533607 
32812.5703,1560.55029 
32816.3867,3125.80884 
32802.7969,4667.24023 
32791.1914,6207.97119 
32802.6250,7749.47119 
32815.6055,9291.48828 
32814.6133,10845.8516 
32817.3711,12451.7295 
32817.2695,14016.1250 
32821.4453,15585.4551 
32842.8320,17151.3262 
32857.6445,18687.8965 
32862.2031,20264.8750 
32848.4492,21814.2207 
32838.0586,23364.6133 
32851.1328,24919.4961 
32855.6211,26484.8105 
32844.4258,28068.7168 
32829.2852,29671.9414 
32818.8633,31258.7148 
32804.5117,32810.9453 
32794.2578,34370.7812 
32795.0898,35962.1211 
32794.7031,37538.3984 
32798.7383,39101.8359 
32809.1484,40666.1602 
32827.8711,42203.5703 
32840.4961,43773.5312 
32824.2227,45347.8594 
32816.3867,46900.7539 
32826.7617,48477.7773 
34369.8398,24.8151207 
34378.6875,1569.26660 
34374.2734,3113.32520 
34355.5508,4645.40479 
34341.8164,6201.96582 
34342.7344,7765.13525 
34359.0078,9300.22363 
34370.5312,10846.4746 
34371.6289,12452.0654 
34364.5898,14014.2256 
34366.4414,15600.6660 
34373.0703,17168.2891 
34379.2383,18697.3184 
34387.5703,20264.5273 
34396.3555,21805.6719 
34409.4102,23372.2930 
34416.4922,24928.4902 
34418.0703,26484.2148 
34414.3008,28055.9941 
34399.4141,29655.6602 
34385.1055,31245.6562 
34375.3984,32799.8398 
34375.1328,34369.9336 
34374.1172,35959.8555 
34371.6562,37542.8477 
34381.2422,39113.8242 
34390.3203,40675.6094 
34398.3086,42220.3672 
34406.4805,43771.4180 
34408.9883,45338.8086 
34421.3281,46916.6992 
34421.2695,48473.5625 
35930.4062,25.1142464 
35923.0859,1569.11975 
35913.1055,3100.84033 
35909.4688,4639.29004 
35915.2344,6199.40625 
35919.9297,7773.51465 
35930.3594,9319.92676 
35953.0781,10862.3301 
35964.7266,12446.9512 
35958.6484,14006.0244 
35944.0352,15589.6377 
35914.0664,17155.7754 
35904.1016,18702.1934 
35912.3359,20278.5312 
35933.7070,21831.2363 
35955.5195,23387.1621 
35962.8242,24930.1191 
35967.3867,26484.9766 
35967.1055,28048.7539 
35963.1914,29643.5039 
35949.4492,31232.7871 
35939.5977,32798.4180 
35945.3242,34375.9453 
35947.1055,35953.8398 
35935.7344,37537.2305 
35931.9805,39123.8438 
35946.5898,40686.4609 
35955.7383,42226.7773 
35966.1602,43783.9805 
35991.8398,45355.8906 
35995.4570,46912.6133 
35972.1445,48452.1836 
37536.5820,16.9418621 
37518.9492,1552.35608 
37496.8750,3089.14844 
37492.2109,4644.23975 
37498.4219,6207.26221 
37496.0977,7773.24072 
37491.1523,9329.45703 
37507.9023,10887.0107 
37525.3047,12451.4287 
37527.9531,14003.1113 
37524.0742,15567.3086 
37510.0703,17136.1406 
37511.1992,18706.4082 
37512.1914,20282.5430 
37505.0508,21839.3184 
37491.9922,23388.8965 
37493.5469,24940.3379 
37504.1875,26490.6230 
37513.0703,28055.7402 
37524.3867,29639.1758 
37508.6289,31210.6758 
37488.8203,32792.0273 
37477.6523,34376.7031 
37473.8633,35952.0312 
37479.3203,37530.9531 
37480.2227,39127.4453 
37477.7656,40695.4336 
37483.3242,42235.1406 
37507.6680,43809.3828 
37533.6523,45377.3828 
37544.5391,46903.4180 
37549.4570,48444.9922 
39130.0391,9.12690163 
39109.0469,1523.12097 
39079.2109,3070.86011 
39071.5352,4646.62842 
39062.3711,6198.94971 
39040.8516,7758.87793 
39034.3906,9333.31934 
39041.5898,10905.8193 
39049.3047,12457.9756 
39059.2227,14008.5938 
39069.0430,15565.7393 
39067.9062,17133.4062 
39067.0000,18711.0605 
39071.8555,20280.6699 
39069.0664,21824.2500 
39051.8984,23373.7441 
39043.5508,24946.2324 
39041.9570,26492.9863 
39045.5352,28068.8809 
39050.6445,29639.9297 
39044.4609,31193.2793 
39035.1172,32776.5039 
39018.7734,34361.2461 
39012.3359,35955.8398 
39014.6016,37537.4258 
39010.1758,39122.1445 
39012.3867,40695.6289 
39037.3320,42260.4688 
39067.9492,43838.2773 
39083.5508,45392.3398 
39096.7070,46917.2422 
39108.1836,48453.2891 
40688.6680,99992.3438 
40659.6758,1493.16968 
40637.9922,3050.87329 
40619.5703,4637.82129 
40609.0234,6182.17822 
40605.8203,7748.63184 
40602.9102,9330.63965 
40587.5039,10899.8359 
40586.1328,12470.4502 
40611.6094,14029.8389 
40625.0781,15568.7051 
40617.6172,17124.2910 
40612.3164,18713.4980 
40618.2500,20288.8242 
40619.9297,21817.3047 
40610.3516,23357.7871 
40590.2812,24935.3184 
40582.3750,26494.7773 
40592.4727,28074.1934 
40589.3984,29633.6621 
40585.2070,31190.8477 
40580.4570,32766.6934 
40572.4531,34353.6680 
40572.2383,35954.3711 
40562.4375,37525.8438 
40558.5820,39124.2539 
40586.5508,40726.7734 
40618.8320,42289.6289 
40623.8359,43849.4023 
40629.7812,45403.6758 
40638.6328,46925.0234 
40640.1562,48457.5117 
42234.2344,99954.3125 
42205.6328,1473.05933 
42193.5234,3032.43506 
42176.1523,4623.15967 
42183.6016,6190.99463 
42195.5703,7751.69629 
42191.6016,9322.78711 
42194.6094,10892.4814 
42205.5820,12484.9004 
42207.7461,14042.1094 
42198.9336,15566.2314 
42198.8672,17120.5684 
42196.3320,18710.1797 
42180.4141,20284.0176 
42173.1094,21816.2188 
42174.7344,23345.4141 
42156.3750,24910.4238 
42136.1055,26495.7402 
42133.4922,28081.0137 
42137.7969,29632.3008 
42143.0156,31189.7207 
42137.3789,32754.8828 
42131.0898,34349.3906 
42125.7812,35951.2188 
42132.2578,37529.7148 
42157.0586,39142.6836 
42167.1406,40749.1562 
42163.4648,42293.1602 
42156.0938,43843.9883 
42150.2852,45409.9609 
42151.3320,46929.8438 
42162.9648,48466.0703 
43785.5312,99926.8672 
43776.2070,1463.05005 
43774.5508,3022.61865 
43775.7070,4621.51318 
43780.8281,6204.97363 
43777.8594,7745.62256 
43771.4023,9323.53516 
43784.9609,10912.7754 
43804.1641,12493.1338 
43799.2578,14024.9707 
43779.5977,15554.2676 
43766.5195,17120.1074 
43754.7188,18695.1113 
43737.5508,20265.3984 
43727.6680,21817.4805 
43726.2578,23344.1641 
43723.4844,24892.5391 
43705.9219,26473.3262 
43678.6953,28070.9609 
43673.5000,29640.4336 
43681.9023,31194.7578 
43695.9883,32761.4180 
43721.7656,34357.0508 
43729.9570,35945.0547 
43723.4297,37543.9219 
43723.2773,39153.9336 
43709.1562,40735.9258 
43695.7031,42287.3086 
43694.5078,43837.4766 
43681.4297,45396.5938 
43672.2891,46935.5391 
43679.4023,48478.0938 
45331.4844,99917.1797 
45330.0820,1465.13452 
45347.7344,3034.86157 
45358.4414,4621.63330 
45340.7656,6196.36133 
45337.8047,7745.36719 
45348.7109,9325.80859 
45350.1289,10924.8203 
45354.4336,12503.0752 
45357.7539,14019.1270 
45355.3594,15537.5264 
45336.6992,17100.3223 
45319.9023,18683.3789 
45311.0312,20253.0234 
45293.4336,21804.5684 
45279.6680,23339.3770 
45276.4297,24890.0410 
45268.7773,26453.2559 
45259.4258,28056.6191 
45261.4180,29645.4590 
45271.7812,31205.9414 
45284.8203,32783.1250 
45297.0742,34381.0859 
45311.2539,35946.9844 
45307.4609,37529.1562 
45283.5977,39135.1680 
45259.0273,40715.0039 
45242.7266,42281.2344 
45239.9297,43835.9492 
45241.7461,45387.2930 
45238.4609,46932.2031 
45228.1953,48476.1953 
46892.3477,99914.2969 
46902.3594,1476.94470 
46914.4609,3054.34595 
46919.0664,4612.58594 
46908.6016,6179.73535 
46911.0195,7759.85840 
46918.0977,9331.52734 
46913.3164,10920.9785 
46896.8359,12493.0742 
46874.8242,14015.5244 
46878.7266,15540.8740 
46891.2734,17089.9492 
46889.2188,18673.8887 
46874.2227,20235.3770 
46857.6055,21789.1504 
46857.9141,23337.3105 
46855.3555,24882.2305 
46846.6992,26445.7148 
46847.5977,28059.2480 
46851.2266,29653.9590 
46858.7500,31217.9180 
46857.4805,32780.8867 
46841.6406,34378.4219 
46835.1211,35954.4883 
46832.7422,37519.0078 
46819.7773,39112.9219 
46802.8711,40695.4102 
46793.0352,42272.6953 
46793.8633,43839.6172 
46797.9492,45390.5000 
46799.3516,46927.3047 
46798.4219,48466.7383 
48458.5078,99931.2500 
48466.8164,1481.60840 
48461.6328,3057.01807 
48468.6719,4619.12451 
48486.4336,6184.75439 
48488.3008,7758.64697 
48469.8750,9319.41406 
48450.5703,10905.8613 
48430.8164,12467.5352 
48414.1953,14002.0000 
48414.8906,15557.6064 
48433.9102,17105.2051 
48442.4531,18668.8691 
48437.9219,20222.3652 
48437.8633,21787.2559 
48440.3047,23341.5156 
48443.8164,24880.6270 
48455.7305,26449.1309 
48453.4297,28053.3809 
48430.0352,29645.8379 
48413.4062,31214.8789 
48403.7070,32769.3906 
48390.4492,34362.4688 
48366.7344,35941.1367 
48347.5195,37506.5391 
48333.7148,39097.7031 
48323.9492,40686.7852 
48325.9961,42274.5703 
48329.0742,43842.4492 
48329.9844,45392.2617 
48332.6562,46931.4688 
48340.0195,48472.7422 
99979.9141,50012.7539 
99981.7969,51558.1367 
99969.9141,53101.0312 
99948.9453,54653.8164 
99946.7734,56225.9609 
99964.2812,57814.6602 
99975.2578,59374.2930 
99995.4531,60928.8203 
21.1655769,62497.5547 
36.5527611,64057.4570 
27.9966793,65624.0391 
11.9389334,67188.8594 
15.0172300,68747.9844 
13.3699818,70339.8047 
9.26366997,71947.8672 
99994.3359,73515.8438 
99962.6406,75049.2422 
99939.7656,76608.9141 
99912.2500,78194.2422 
99883.6875,79757.3281 
99874.1953,81376.8984 
99870.7734,82969.9531 
99874.9844,84515.6328 
99886.8984,86057.2344 
99898.7109,87590.2734 
99905.1641,89150.7344 
99919.2656,90692.7969 
99932.9609,92209.9844 
99944.6016,93785.9688 
99960.3828,95371.3672 
99967.3203,96912.6016 
99954.6797,98437.5625 
1514.56128,50017.6758 
1524.58765,51561.1797 
1532.78198,53091.4805 
1536.24011,54645.1445 
1547.21130,56247.9844 
1573.45117,57836.5117 
1592.47107,59380.8047 
1602.12329,60944.8945 
1607.11194,62512.7461 
1601.81299,64054.8867 
1578.57129,65598.2188 
1556.81848,67182.8672 
1563.29382,68761.5391 
1578.59998,70341.3125 
1574.18640,71934.6719 
1549.83813,73484.7969 
1524.67310,75026.2422 
1507.40405,76591.6172 
1481.72375,78162.2500 
1461.81641,79742.5547 
1452.03821,81366.4453 
1433.79944,82957.9531 
1426.79712,84519.6016 
1435.51245,86071.5781 
1452.87378,87604.3750 
1465.84058,89161.6250 
1483.19812,90716.6094 
1518.18311,92234.0938 
1545.64490,93802.9062 
1549.20483,95376.4297 
1537.82593,96905.6484 
1523.79419,98419.1719 
3099.12305,50030.5312 
3108.66699,51570.8945 
3118.05762,53108.1797 
3145.51343,54661.0547 
3156.85791,56254.3750 
3149.88965,57854.2070 
3167.64209,59405.4414 
3184.11548,60948.7383 
3173.33228,62500.7031 
3156.76123,64037.3750 
3144.81177,65576.3359 
3128.67773,67167.8516 
3113.05151,68769.2344 
3123.95776,70355.1250 
3135.77271,71926.2344 
3127.10571,73464.3750 
3107.71118,75003.7969 
3077.49463,76564.5938 
3057.44556,78143.2969 
3057.39429,79737.4688 
3052.16577,81353.4453 
3043.63574,82947.4219 
3038.98535,84519.9453 
3033.81030,86078.9844 
3037.21045,87616.6641 
3038.97607,89164.9844 
3038.48730,90738.1562 
3062.07129,92271.5703 
3082.52759,93814.1484 
3076.75024,95363.4219 
3064.50220,96891.6016 
3058.20752,98406.7969 
4710.16797,50043.6992 
4711.92383,51569.3125 
4713.11035,53121.0352 
4732.30811,54692.5977 
4755.73047,56252.5742 
4740.41016,57837.4570 
4715.15479,59411.4688 
4707.67773,60948.9102 
4710.35059,62493.1367 
4709.27100,64029.3867 
4704.27686,65569.9531 
4691.68018,67145.8125 
4671.74219,68760.5547 
4676.90039,70374.5234 
4684.36963,71926.6719 
4673.73975,73450.3516 
4663.82812,74983.6875 
4653.19971,76543.3672 
4655.12109,78148.8359 
4671.37939,79743.8828 
4669.90527,81343.9922 
4655.31787,82937.4531 
4634.87158,84504.8438 
4619.00342,86072.1172 
4619.76123,87622.6328 
4625.24072,89160.4844 
4616.17578,90734.8281 
4606.63184,92284.1562 
4599.16748,93812.3594 
4592.21729,95356.8672 
4591.32861,96888.9453 
4594.37402,98409.6328 
6268.15430,50038.1211 
6271.62012,51580.1914 
6291.45166,53129.3789 
6297.21680,54710.0625 
6303.02246,56261.4258 
6302.07129,57814.7461 
6285.32080,59388.2383 
6265.96533,60943.2695 
6258.44775,62496.1211 
6260.05322,64027.6289 
6268.06689,65568.2031 
6269.42920,67130.5234 
6260.55908,68750.9531 
6250.68896,70376.1719 
6238.64404,71918.7812 
6236.92578,73446.5469 
6247.15723,74986.8125 
6254.38086,76541.0000 
6251.09375,78157.7812 
6253.70508,79752.9375 
6251.15332,81331.9531 
6236.03223,82917.8828 
6224.21729,84487.7422 
6211.76660,86061.8047 
6195.65527,87624.2500 
6195.90723,89164.3672 
6193.55029,90720.3672 
6171.54248,92266.2812 
6149.86279,93798.3047 
6139.22803,95352.1719 
6127.26953,96880.3516 
6118.23193,98417.9922 
7825.89648,50020.5781 
7822.40674,51595.9258 
7833.48389,53143.4844 
7839.15625,54707.6484 
7831.07129,56259.7695 
7831.78125,57816.1719 
7831.59717,59373.0000 
7811.71582,60922.0391 
7799.93359,62492.7617 
7811.47119,64042.6055 
7834.60791,65587.2344 
7854.01221,67135.9844 
7860.22510,68743.7344 
7842.96191,70355.5000 
7824.32178,71911.3047 
7828.07910,73455.9766 
7841.36523,75002.3047 
7859.78809,76544.9297 
7854.22852,78144.1641 
7833.47021,79747.4609 
7822.86670,81323.3906 
7817.71240,82911.6328 
7820.05908,84485.0391 
7808.58936,86037.7344 
7777.68213,87602.1328 
7758.84229,89163.5391 
7746.14795,90704.1016 
7718.73975,92238.1875 
7694.18848,93781.7969 
7678.60596,95341.0156 
7667.87402,96867.5625 
7672.73389,98425.9219 
9394.69434,50016.0586 
9396.53906,51595.9492 
9397.19336,53150.9336 
9402.04590,54707.7188 
9401.16602,56253.5273 
9397.83887,57817.5742 
9387.91699,59361.6133 
9380.95117,60911.0781 
9385.77051,62499.0469 
9391.58301,64056.2539 
9399.05762,65603.8594 
9413.22949,67151.6484 
9421.76465,68740.7969 
9412.13379,70333.3125 
9400.49609,71905.5156 
9400.80176,73463.1094 
9407.01367,75019.6016 
9425.29297,76563.6641 
9437.24805,78130.1484 
9422.83789,79726.5625 
9403.99316,81311.8203 
9388.01855,82904.4453 
9370.04004,84480.0547 
9361.64453,86022.7969 
9352.15430,87577.1484 
9328.12207,89144.6875 
9308.76562,90683.1953 
9286.18457,92208.1719 
9259.75000,93760.3047 
9239.81641,95324.5312 
9233.24219,96871.1172 
9248.23828,98444.3672 
10970.2061,50022.3750 
10979.6211,51601.1562 
10990.5049,53156.0195 
10991.5088,54709.4375 
10994.6445,56255.8594 
10989.2842,57803.9258 
10965.8096,59347.5430 
10963.1943,60915.1055 
10960.9160,62497.0312 
10950.9707,64056.1953 
10956.2627,65616.0859 
10972.0312,67167.0000 
10988.8486,68747.0312 
10999.4248,70328.4922 
10994.3447,71897.6406 
10978.6592,73457.3750 
10961.9258,75017.1719 
10958.8320,76580.9688 
10982.5049,78143.0312 
10991.5000,79712.8438 
10980.9014,81296.4297 
10963.1494,82878.3516 
10926.5879,84452.9922 
10906.0635,86020.8828 
10903.4697,87564.2031 
10887.5566,89122.8359 
10877.8477,90674.1484 
10875.7324,92190.2188 
10870.3545,93744.1797 
10862.8887,95310.8828 
10850.2197,96870.3594 
10843.4502,98451.2656 
12546.4727,50036.1562 
12558.3955,51614.7227 
12572.6943,53164.0000 
12567.2061,54701.2539 
12558.7471,56259.0664 
12555.4141,57785.8555 
12541.6963,59332.2578 
12534.4219,60916.1641 
12524.0635,62484.4062 
12514.5635,64049.7969 
12509.6953,65621.9766 
12519.6396,67186.8438 
12542.3525,68767.0000 
12552.3047,70333.5156 
12549.3193,71883.2344 
12533.8623,73436.2188 
12518.1465,75001.8594 
12515.3145,76590.6641 
12521.0625,78161.2188 
12520.5449,79709.7188 
12520.0791,81291.7578 
12513.5029,82855.9922 
12491.5195,84419.9141 
12470.7334,86010.1641 
12463.1211,87559.2578 
12457.9111,89108.7578 
12444.6934,90670.6328 
12451.2891,92200.0859 
12471.5078,93750.5156 
12471.1045,95298.5859 
12453.6514,96853.3438 
12441.8643,98443.7656 
14120.8555,50050.8867 
14117.9521,51619.7188 
14115.8906,53170.7500 
14119.3135,54690.7969 
14115.1465,56255.0547 
14117.2744,57787.3516 
14125.7529,59326.2578 
14105.4727,60894.3477 
14074.9961,62470.8398 
14076.2441,64051.5664 
14088.4189,65624.9844 
14102.3789,67205.4922 
14107.8633,68772.8047 
14097.6494,70332.4297 
14104.5498,71886.2344 
14109.2432,73426.3828 
14105.9756,74997.6328 
14101.9912,76585.6016 
14082.6982,78149.3125 
14071.8223,79707.1328 
14067.1270,81287.6016 
14049.1367,82841.1797 
14044.0195,84409.6406 
14045.7930,85998.7031 
14042.3672,87558.2422 
14041.5840,89099.8438 
14030.0088,90659.7656 
14031.7139,92217.2891 
14037.3438,93757.6953 
14031.3320,95290.1484 
14036.4990,96848.0000 
14042.9375,98442.6406 
15696.1729,50050.8047 
15677.5049,51598.4023 
15652.4824,53167.6797 
15661.8584,54703.8516 
15675.8584,56253.3008 
15673.5527,57794.2891 
15677.8018,59327.0547 
15669.9814,60863.3398 
15654.4775,62455.6641 
15648.9795,64062.9492 
15654.5693,65639.6875 
15666.2207,67217.5156 
15672.3330,68764.8984 
15667.1934,70326.3203 
15663.5156,71893.1172 
15658.5586,73422.0078 
15655.6416,74997.7969 
15652.4658,76574.4531 
15644.4629,78136.0703 
15644.4424,79705.0312 
15632.3047,81268.0312 
15613.2979,82826.0000 
15616.4482,84422.2344 
15636.0674,86007.6953 
15647.0508,87559.1250 
15641.2920,89092.1875 
15632.9912,90654.8438 
15636.4258,92223.2422 
15631.3223,93746.1641 
15621.0479,95290.9766 
15636.0654,96866.7656 
15652.8965,98447.0859 
17242.0195,50043.5312 
17236.7207,51576.7891 
17224.9883,53154.9648 
17221.8066,54720.1992 
17227.7148,56256.2461 
17226.2188,57791.4062 
17225.1074,59329.0234 
17234.2637,60867.1367 
17249.2324,62450.8984 
17231.1426,64044.2305 
17204.7344,65636.0859 
17200.0039,67227.6562 
17212.9941,68776.7656 
17231.6504,70327.5391 
17237.0273,71887.9922 
17234.0449,73416.5781 
17227.0605,74993.5781 
17213.9375,76565.0859 
17210.9668,78139.4922 
17219.7617,79705.3281 
17215.9824,81254.4609 
17214.4082,82822.2266 
17213.8652,84429.5000 
17214.5977,86023.2734 
17222.1504,87562.6172 
17221.9121,89081.3203 
17213.6016,90648.7500 
17202.5312,92222.7734 
17196.0410,93737.7031 
17195.4355,95292.4688 
17208.2793,96888.3594 
17228.4980,98457.9375 
18790.7832,50042.1445 
18800.9219,51580.8203 
18800.2188,53144.2422 
18785.7891,54714.5820 
18777.7793,56255.0195 
18779.4629,57793.2383 
18785.8398,59331.5273 
18793.6406,60884.9492 
18810.5879,62459.0156 
18810.6914,64019.7305 
18797.7676,65618.4141 
18774.9766,67216.2344 
18757.9336,68790.6016 
18779.6094,70353.1172 
18803.6348,71895.6250 
18804.1250,73410.3672 
18795.3418,74981.1094 
18786.7305,76553.2578 
18782.4961,78145.5312 
18784.7930,79708.3906 
18780.2344,81249.6953 
18784.3809,82828.1953 
18792.2109,84424.4766 
18781.9473,86017.2734 
18772.1074,87566.6953 
18782.4219,89089.3906 
18795.1230,90640.4609 
18778.4082,92201.6172 
18754.9805,93730.3438 
18755.4941,95302.1172 
18773.7344,96908.9531 
18793.8711,98475.8203 
20332.4688,50053.5430 
20342.4766,51588.2969 
20342.7188,53133.0703 
20333.3984,54703.4414 
20331.2422,56254.3242 
20337.3926,57802.0156 
20350.5547,59340.9453 
20361.8359,60895.4219 
20372.2129,62472.3047 
20382.9141,64021.2266 
20382.9277,65606.8203 
20361.4180,67182.6172 
20333.8125,68781.2734 
20326.0508,70372.0000 
20326.4375,71903.0078 
20333.3125,73409.7656 
20341.7480,74981.2344 
20341.9004,76547.9375 
20329.7402,78137.1406 
20317.9609,79704.3438 
20323.7969,81253.0469 
20343.9844,82846.3594 
20359.0410,84428.8438 
20352.0625,86000.0781 
20328.4863,87554.0938 
20316.4102,89103.4297 
20330.6875,90650.0859 
20336.5879,92183.1797 
20331.7656,93718.8359 
20334.8066,95312.1719 
20343.9863,96926.5000 
20358.4883,98494.8984 
21861.2949,50058.8867 
21867.4668,51600.4102 
21888.1875,53136.9727 
21888.9941,54696.2539 
21882.1055,56255.6523 
21883.9316,57810.4219 
21896.3730,59358.4141 
21915.4297,60907.0586 
21922.8770,62481.3633 
21927.3477,64026.0547 
21921.4316,65595.5000 
21908.8203,67162.1953 
21895.8516,68761.7656 
21871.9824,70354.2109 
21859.1406,71906.0625 
21876.8027,73427.3672 
21880.3496,74979.5156 
21869.6094,76540.1641 
21866.0137,78123.7656 
21860.8008,79704.1875 
21874.7109,81275.5391 
21893.4707,82863.3359 
21893.3398,84426.2500 
21879.3105,85981.6953 
21857.2324,87527.6328 
21844.0059,89101.7031 
21851.7109,90664.4141 
21863.6309,92192.0859 
21889.2656,93735.0391 
21908.5234,95317.1094 
21901.2656,96927.6094 
21901.6875,98508.4844 
23414.5059,50046.2812 
23413.0000,51619.0820 
23429.4277,53153.1445 
23430.8965,54687.6562 
23429.5137,56254.6055 
23434.2520,57813.8633 
23439.3574,59374.8750 
23450.2246,60916.9922 
23443.5059,62477.2617 
23436.5391,64026.3281 
23439.6992,65589.3984 
23441.5781,67155.7344 
23430.3535,68744.8281 
23412.4258,70334.5781 
23406.8555,71911.1406 
23409.6035,73437.1875 
23404.3477,74967.8672 
23409.7168,76546.4844 
23427.2656,78126.5156 
23425.9238,79702.0234 
23423.8008,81287.3828 
23425.6992,82869.8125 
23430.9297,84421.6562 
23426.1895,85965.1641 
23417.8008,87515.6250 
23422.6797,89107.2500 
23429.8730,90673.0859 
23440.0957,92208.8203 
23460.0215,93762.9844 
23467.7617,95315.8047 
23457.1855,96915.9375 
23456.1758,98516.2969 
24982.3535,50030.4609 
24970.9453,51618.8047 
24953.4746,53151.4688 
24943.7812,54685.6367 
24947.7148,56263.6055 
24952.0078,57815.8984 
24951.7363,59380.2695 
24962.2305,60922.2891 
24971.0664,62468.5742 
24974.2129,64028.3867 
24983.0918,65601.5469 
24996.5547,67157.6328 
24988.8418,68723.6953 
24970.5352,70321.7266 
24959.1367,71905.6016 
24952.0430,73434.5859 
24956.8926,74970.5312 
24968.0938,76565.6484 
24978.5762,78134.8125 
24980.9492,79699.1172 
24977.7148,81281.0391 
24959.1035,82865.0234 
24952.5176,84428.5469 
24965.1465,85967.1250 
24986.1367,87524.6172 
24996.3965,89109.9922 
24989.7285,90675.0625 
24996.6895,92224.8203 
25008.3242,93773.6250 
25015.7715,95315.4766 
25021.6035,96910.8672 
25014.4844,98518.2969 
26532.4297,50026.2070 
26522.1387,51596.0742 
26492.8906,53127.3164 
26480.5859,54680.9688 
26471.6777,56259.3438 
26461.7676,57813.0508 
26469.4883,59391.0117 
26495.7344,60947.8516 
26526.9297,62487.9258 
26543.5449,64033.9883 
26540.1836,65605.3281 
26538.5332,67165.3984 
26546.5664,68717.3750 
26551.8809,70313.3750 
26546.3867,71894.4688 
26543.5078,73438.5000 
26553.8203,74979.1953 
26554.7852,76568.6250 
26549.9570,78135.1328 
26548.4336,79701.5078 
26545.9355,81267.1406 
26519.8379,82834.5547 
26495.6777,84427.7031 
26511.2422,85996.5547 
26548.5234,87554.5938 
26569.3906,89111.2188 
26569.9102,90669.6875 
26565.5117,92230.9062 
26566.3164,93781.5703 
26580.2090,95333.8359 
26598.7363,96913.0156 
26586.3691,98497.9219 
28061.0332,50026.7969 
28052.8008,51576.9062 
28041.3281,53113.0508 
28043.1348,54680.7852 
28046.7871,56252.6680 
28059.8242,57819.1602 
28071.7734,59407.0625 
28080.6797,60971.5000 
28087.8984,62503.2930 
28086.1230,64036.3867 
28084.0176,65596.2969 
28076.6465,67164.3281 
28080.9844,68731.3516 
28098.7148,70323.7031 
28109.3535,71890.7734 
28114.1758,73444.8672 
28125.0762,74988.1875 
28131.9453,76565.8750 
28127.8438,78129.1406 
28123.8789,79702.3047 
28128.0332,81263.1562 
28129.1211,82814.1406 
28124.7012,84421.7734 
28126.0684,86018.3516 
28133.4688,87576.4219 
28139.1758,89121.7891 
28146.1875,90670.4688 
28146.7090,92226.1016 
28146.7285,93783.1172 
28145.7559,95345.3203 
28149.3672,96922.0703 
28147.8066,98477.6953 
29640.7109,50020.6758 
29628.0137,51563.5938 
29621.6719,53112.3164 
29624.2266,54683.8438 
29632.6113,56269.7617 
29656.6348,57839.3594 
29653.2441,59399.6289 
29637.3789,60972.1992 
29630.8809,62495.5703 
29614.3320,64028.6055 
29609.3672,65596.5469 
29616.1543,67165.4844 
29632.9688,68745.5781 
29650.1035,70341.4062 
29674.9453,71909.6953 
29708.4609,73462.3438 
29733.1504,75004.5625 
29749.4434,76570.4922 
29746.1973,78120.0938 
29735.7891,79700.7188 
29734.7148,81269.2656 
29740.9824,82820.6562 
29744.0332,84419.2969 
29734.1777,86013.6875 
29727.2520,87573.4688 
29719.6582,89118.9844 
29709.9980,90671.0547 
29707.4805,92228.8828 
29712.9531,93788.2812 
29717.4121,95341.0703 
29705.1133,96914.5391 
29686.6152,98467.7734 
31230.8496,50018.9727 
31224.4453,51550.9531 
31223.3809,53117.9570 
31237.7070,54689.9219 
31238.8594,56276.3867 
31226.6641,57842.8750 
31216.3691,59381.2891 
31202.1797,60959.7383 
31185.1602,62481.4414 
31176.6113,64016.2812 
31173.9453,65596.6172 
31182.0840,67185.6797 
31214.7480,68773.8984 
31241.5410,70359.8281 
31269.9453,71948.2344 
31308.6992,73497.3672 
31333.4062,75026.6484 
31353.2227,76582.7969 
31360.8008,78110.5312 
31350.4609,79690.3906 
31340.5742,81266.8906 
31334.4395,82820.0156 
31320.9844,84407.4531 
31304.7402,86002.9219 
31300.6758,87572.9453 
31295.8711,89107.2031 
31281.9961,90659.1406 
31272.3789,92223.2031 
31258.5801,93786.8125 
31248.7500,95339.9766 
31242.0020,96895.6484 
31230.5801,98455.3516 
32820.8320,50015.7656 
32812.5195,51544.5273 
32810.8203,53125.0391 
32813.1484,54701.2266 
32807.5664,56258.4961 
32781.3438,57822.5977 
32773.1602,59379.1172 
32770.1641,60943.2812 
32763.3457,62474.7930 
32780.6172,64027.2656 
32792.3320,65596.7109 
32792.3242,67199.3750 
32805.7344,68804.6016 
32833.3281,70386.1172 
32860.0547,71978.2422 
32877.3242,73520.7031 
32896.0664,75045.3750 
32916.6133,76603.2578 
32935.4102,78115.9844 
32933.4961,79676.2969 
32918.7656,81259.5625 
32921.5117,82815.9766 
32925.8047,84394.7266 
32915.2188,85988.0312 
32888.3984,87560.3828 
32865.9219,89094.2031 
32857.8555,90652.9766 
32857.9062,92217.2188 
32845.4570,93764.2188 
32818.5859,95324.4297 
32805.2695,96892.1250 
32808.0156,98454.5703 
34400.2969,49998.1133 
34395.8867,51545.3945 
34395.3984,53116.0781 
34370.8906,54688.5742 
34351.3438,56244.3828 
34341.1562,57805.7578 
34332.9531,59378.7148 
34337.5352,60944.6133 
34358.0938,62492.2734 
34376.1758,64044.1250 
34380.2969,65598.4297 
34386.6367,67201.4766 
34391.3359,68818.5469 
34411.2422,70415.4531 
34430.1484,71992.2656 
34440.4648,73538.4297 
34467.8164,75069.9844 
34479.9531,76616.8203 
34488.4531,78129.9375 
34496.5977,79664.8359 
34493.2617,81257.4453 
34515.6797,82839.9688 
34545.0781,84404.7500 
34536.6250,85961.1406 
34495.5586,87522.0938 
34467.3438,89078.2891 
34452.3477,90645.6328 
34433.7305,92208.6797 
34418.7578,93746.6250 
34402.1719,95300.4609 
34380.6250,96882.0234 
34370.1328,98454.2188 
35962.2617,49988.4062 
35957.7109,51548.8984 
35953.4336,53105.6445 
35935.5703,54657.0312 
35907.5391,56227.3828 
35892.1406,57796.2227 
35888.3867,59377.4336 
35896.6523,60959.7031 
35905.4023,62510.0781 
35912.6523,64051.3203 
35934.4297,65614.6797 
35960.8672,67214.1641 
35972.9570,68829.1250 
35991.1758,70439.2422 
36004.3359,71998.7266 
36010.2656,73555.2812 
36022.7695,75086.6875 
36022.5586,76612.9453 
36024.6094,78144.3359 
36047.8984,79678.9375 
36075.1445,81273.0000 
36093.9258,82867.5391 
36099.3867,84411.7109 
36085.0000,85932.2422 
36063.6602,87491.2266 
36041.4570,89056.0625 
36007.5820,90618.8594 
35980.1797,92187.1328 
35964.1641,93733.5781 
35949.1523,95280.8594 
35933.6406,96865.9141 
35931.6953,98451.2422 
37548.3828,49981.4570 
37525.1484,51530.0039 
37501.0859,53095.4180 
37486.9883,54637.7578 
37475.1797,56208.7969 
37470.8125,57791.3086 
37482.2070,59387.3555 
37491.8711,60962.5469 
37484.9453,62507.3359 
37493.6250,64070.5352 
37520.7773,65647.3594 
37539.9141,67230.2578 
37548.8555,68839.6406 
37553.3555,70451.6484 
37553.1680,72001.4531 
37553.3828,73560.8984 
37563.1094,75097.7734 
37582.2617,76617.1172 
37588.4258,78153.1406 
37603.3711,79710.2422 
37630.5820,81295.8984 
37627.6719,82863.7266 
37609.7578,84401.2500 
37604.5625,85921.6484 
37603.6211,87481.3359 
37592.4688,89028.2109 
37568.6602,90586.0469 
37545.0781,92167.4062 
37526.9336,93720.7969 
37526.5352,95273.7266 
37533.1680,96865.0078 
37537.3789,98456.6094 
39110.8359,49972.1367 
39105.2891,51505.9961 
39083.5625,53070.7109 
39061.0469,54624.6953 
39058.6094,56207.8516 
39063.8516,57798.9531 
39071.6484,59403.3281 
39077.5703,60964.4766 
39086.7383,62512.8398 
39106.3711,64089.7578 
39115.3477,65659.7578 
39121.4023,67240.6172 
39129.5625,68842.8984 
39120.5469,70443.8125 
39112.7227,71998.7031 
39111.6914,73562.2344 
39117.0234,75116.3281 
39129.7383,76631.6250 
39137.7109,78158.5312 
39156.3203,79732.4766 
39160.9922,81298.3516 
39141.0117,82840.5312 
39123.8711,84391.3516 
39122.9805,85924.3047 
39118.6523,87476.0078 
39114.5312,89024.0078 
39128.6836,90579.9688 
39130.1367,92147.1875 
39121.1523,93715.3125 
39134.6523,95290.8672 
39144.3047,96866.4219 
39135.4688,98454.0938 
40650.8047,49981.9180 
40661.5977,51503.5586 
40659.9883,53052.8633 
40662.4844,54620.9648 
40671.5742,56213.2344 
40669.5352,57795.0977 
40648.3945,59393.7578 
40629.4102,60963.3633 
40633.6797,62531.0039 
40651.2031,64108.5508 
40669.1836,65667.8125 
40682.6445,67252.0938 
40687.6172,68840.9219 
40679.6797,70432.3906 
40677.6992,71999.9688 
40679.8750,73561.2344 
40679.8789,75119.9219 
40680.5703,76634.8125 
40692.5312,78178.8750 
40710.0352,79745.6484 
40698.6406,81281.6328 
40691.2539,82827.6641 
40686.7031,84381.6797 
40674.1484,85920.1562 
40665.8633,87464.0625 
40659.9336,89029.0391 
40672.7656,90602.0625 
40695.2031,92153.6875 
40707.5195,93720.2734 
40711.4336,95302.1172 
40713.8984,96862.9609 
40709.4492,98444.8438 
42171.0078,49991.2539 
42176.6875,51510.2266 
42198.1250,53067.2227 
42224.0469,54636.4766 
42232.6602,56218.5977 
42232.7188,57784.5625 
42219.6719,59367.5156 
42207.7734,60956.5312 
42209.4023,62536.6367 
42208.9375,64120.8359 
42218.2344,65684.2422 
42226.8203,67260.6641 
42235.3359,68843.1875 
42240.6797,70427.5000 
42234.4023,71998.9453 
42231.2734,73562.9062 
42237.8633,75126.8828 
42251.7812,76643.5078 
42255.4453,78187.2266 
42238.3906,79735.0391 
42225.8789,81272.3984 
42232.8828,82835.4141 
42231.6953,84369.3906 
42220.2109,85910.5000 
42225.3633,87466.9844 
42240.3164,89034.4297 
42252.1953,90617.9609 
42267.7422,92171.7969 
42274.4414,93723.2031 
42274.0664,95304.3594 
42279.5859,96867.0312 
42270.1250,98426.7188 
43687.2891,49997.3711 
43708.8320,51531.2930 
43737.8477,53099.2891 
43765.6289,54655.5234 
43778.8750,56220.1016 
43783.1445,57786.4883 
43786.7969,59359.1055 
43781.3906,60955.7812 
43780.9492,62537.4961 
43784.9727,64121.9141 
43789.2422,65689.7891 
43790.1484,67265.0703 
43799.2031,68858.5781 
43812.9805,70428.9922 
43807.4844,71987.8438 
43798.3633,73561.0938 
43794.2070,75132.2188 
43792.0273,76650.6250 
43783.3359,78170.6719 
43765.3555,79717.8984 
43768.2305,81277.6406 
43766.6562,82833.5312 
43755.5117,84361.7969 
43758.0742,85912.0234 
43768.1875,87482.5469 
43782.9688,89051.3750 
43802.1367,90635.9766 
43822.5039,92185.5156 
43826.2188,93720.3125 
43821.0156,95305.7969 
43816.5703,96863.0859 
43802.2109,98403.3047 
45227.8438,50013.1445 
45247.2930,51556.9102 
45261.2383,53119.7344 
45286.6133,54686.1797 
45318.2461,56233.2148 
45329.7891,57793.5977 
45336.2812,59358.9453 
45330.9062,60945.8672 
45328.9961,62543.1250 
45341.9844,64132.7812 
45351.2852,65694.1719 
45355.1211,67265.3594 
45355.6172,68868.8516 
45366.5781,70439.0859 
45370.5352,71978.3828 
45359.4102,73554.1172 
45354.2578,75125.5781 
45350.1367,76645.4062 
45347.1094,78159.1406 
45339.3594,79711.5938 
45334.5195,81281.4844 
45328.7578,82820.2109 
45319.4219,84357.0156 
45322.1172,85920.7266 
45330.6250,87491.9297 
45339.6875,89064.8516 
45352.0039,90654.4219 
45359.8516,92196.7578 
45361.9766,93714.9844 
45351.7617,95296.7812 
45342.9492,96857.1094 
45340.8086,98392.2734 
46792.1914,50014.5547 
46789.0352,51567.9102 
46802.4219,53136.2695 
46828.0625,54720.0039 
46857.0273,56257.2812 
46877.1797,57803.3477 
46887.9961,59364.6328 
46896.4531,60946.2734 
46907.1133,62553.3086 
46914.8242,64141.2031 
46921.0469,65702.3281 
46934.4414,67271.1875 
46938.2305,68869.2031 
46936.6797,70448.4531 
46935.6914,71970.5312 
46923.4844,73542.1875 
46916.5898,75126.4531 
46922.0000,76648.7969 
46927.4570,78157.8438 
46921.0664,79699.1797 
46907.4180,81273.8594 
46903.5391,82816.7500 
46909.8320,84358.0156 
46922.7188,85929.7969 
46927.3242,87496.2656 
46926.3359,89072.7344 
46922.4258,90653.3984 
46905.7109,92194.4453 
46909.5156,93718.4141 
46905.1133,95279.1484 
46884.3398,96851.5859 
46884.3359,98392.1641 
48352.0195,50011.7969 
48358.1406,51571.2344 
48369.2773,53156.1914 
48385.0938,54741.8477 
48402.1523,56283.1875 
48429.2617,57825.4453 
48453.0469,59376.9688 
48467.0312,60956.8945 
48473.8086,62560.8477 
48477.2695,64146.4805 
48487.6172,65715.2422 
48499.5352,67284.0781 
48506.9141,68867.2188 
48499.4844,70441.2656 
48495.8828,71970.4219 
48502.8906,73533.3438 
48487.9180,75116.7500 
48475.9414,76653.4844 
48484.9141,78163.2656 
48495.3164,79693.5859 
48490.7109,81262.9219 
48481.9297,82819.5391 
48497.5273,84379.0234 
48519.5898,85943.2188 
48519.7383,87489.6719 
48513.8789,89067.8750 
48498.0938,90630.7109 
48471.0391,92178.1328 
48462.9805,93725.5703 
48457.1914,95261.2109 
48443.7656,96837.9062 
48442.9414,98403.2656 
50028.5547,99937.2500 
50029.4180,1480.40894 
50033.0430,3056.69629 
50036.3984,4631.80273 
50042.1133,6194.56592 
50036.0625,7745.03369 
50026.6680,9305.39551 
50023.8242,10892.1416 
50014.0586,12454.7129 
50007.9141,13994.9414 
50001.1953,15562.0557 
50004.3867,17118.6133 
50004.7500,18666.0020 
50000.8281,20223.9473 
50008.4062,21793.1172 
50016.2969,23343.5176 
50025.3945,24892.6797 
50033.7422,26457.3262 
50015.3867,28025.6816 
49979.2734,29615.7168 
49962.3086,31205.4434 
49964.6562,32764.2480 
49945.2031,34331.7539 
49900.8438,35911.5039 
49891.0508,37502.5898 
49899.1328,39091.5547 
49900.0820,40685.2305 
49896.1641,42274.7344 
49888.0625,43840.1172 
49886.9062,45394.3633 
49886.1445,46929.9805 
49881.8086,48480.1992 
51586.7148,99933.8438 
51588.9258,1487.40967 
51594.5352,3060.52588 
51596.5508,4633.91602 
51604.6250,6197.48438 
51607.9453,7736.20361 
51604.0820,9305.10156 
51599.1602,10886.5908 
51589.0820,12446.4072 
51585.3594,13989.2705 
51575.5039,15552.1982 
51562.8242,17117.6250 
51559.9297,18659.9414 
51556.7109,20222.4082 
51555.8438,21802.8652 
51569.9258,23358.4766 
51582.7344,24899.6406 
51574.3867,26445.8516 
51558.5312,27999.3750 
51552.5898,29597.7305 
51548.9961,31204.0332 
51548.6328,32767.5410 
51544.3555,34297.6289 
51515.0625,35877.4219 
51492.3047,37506.8125 
51494.7266,39101.3438 
51499.4375,40682.1523 
51480.9219,42258.0547 
51466.3398,43833.8633 
51465.1484,45394.9180 
51463.5547,46928.1016 
51466.9570,48480.3984 
53124.6641,99928.2812 
53119.0742,1488.58813 
53120.3945,3062.99902 
53129.2891,4643.32471 
53145.7578,6214.16113 
53169.8945,7746.47168 
53186.4180,9302.10449 
53177.4297,10872.0674 
53158.8242,12436.3818 
53147.9023,13985.5605 
53137.0820,15535.1436 
53122.4375,17109.6953 
53129.4609,18668.7441 
53141.1328,20219.9414 
53135.2812,21800.4609 
53129.4766,23368.3730 
53125.1797,24898.5469 
53123.5273,26438.2402 
53135.0703,28003.9023 
53150.6133,29605.7910 
53151.1172,31194.7695 
53138.1836,32764.9297 
53141.4688,34297.5469 
53141.0859,35851.0508 
53115.4609,37483.6797 
53099.2812,39103.2461 
53090.1172,40670.6836 
53070.0469,42235.8594 
53061.0586,43832.2812 
53054.9531,45387.6523 
53039.8164,46924.0742 
53041.4453,48490.5156 
54634.2617,99918.4531 
54636.3789,1490.77234 
54645.5000,3073.38770 
54667.8984,4660.54199 
54683.9570,6231.06738 
54705.8477,7779.21289 
54732.0664,9313.96680 
54730.5703,10856.3018 
54715.8125,12416.2754 
54703.9492,13975.5469 
54701.4961,15525.1660 
54693.0039,17102.0273 
54684.6719,18679.3496 
54689.6484,20226.3574 
54692.7422,21792.5820 
54677.1836,23353.1621 
54655.8516,24888.1484 
54659.7500,26453.8613 
54688.1953,28024.1465 
54693.0117,29607.3535 
54685.2734,31188.7812 
54685.3242,32758.4395 
54682.9766,34303.1836 
54691.1016,35850.6445 
54706.5859,37475.0273 
54704.9648,39090.1172 
54678.9453,40649.2109 
54658.7031,42220.0391 
54634.9766,43818.3711 
54614.9727,45375.3867 
54615.1328,46915.0312 
54613.6914,48500.1719 
56189.6016,99916.6328 
56191.4727,1494.44775 
56193.8203,3088.83838 
56212.9648,4685.58252 
56225.6875,6240.49365 
56231.7578,7797.29590 
56233.2773,9317.37695 
56232.1680,10852.7256 
56250.6758,12421.8770 
56276.7695,13984.2129 
56287.1562,15525.0156 
56277.7617,17085.0547 
56256.9258,18665.9648 
56244.8984,20229.5020 
56237.3047,21783.5137 
56217.6758,23331.5762 
56211.6211,24880.1348 
56221.2031,26474.8418 
56240.9844,28046.1660 
56244.4961,29594.8438 
56235.3125,31187.3691 
56242.7305,32763.8535 
56254.8008,34308.1367 
56272.6406,35871.1719 
56288.7891,37491.0312 
56283.7070,39071.3711 
56260.3203,40622.4961 
56240.1562,42198.5195 
56209.0859,43782.1367 
56187.5430,45374.4961 
56201.4414,46927.0078 
56204.5273,48494.2695 
57757.5039,99911.8672 
57748.0820,1490.83777 
57745.7148,3092.19360 
57738.5195,4691.42383 
57739.1406,6246.54395 
57749.5898,7802.62402 
57759.2266,9321.50098 
57782.9492,10871.3496 
57806.4961,12450.8574 
57820.3477,14001.0713 
57822.6758,15523.5381 
57824.0234,17075.7812 
57813.2188,18645.8418 
57792.6562,20218.0469 
57780.2266,21765.7266 
57766.8789,23321.2734 
57776.5039,24896.0684 
57793.0859,26485.1523 
57792.3047,28053.4316 
57798.4609,29595.1328 
57810.9297,31190.6035 
57818.8164,32776.5312 
57837.7891,34331.3438 
57865.4414,35888.3633 
57867.4648,37485.4453 
57854.0352,39056.1484 
57842.3711,40605.8242 
57828.5391,42181.8594 
57818.7812,43758.2227 
57800.1328,45363.8477 
57784.1484,46933.0312 
57786.6172,48492.3477 
59321.7656,99892.8281 
59306.9609,1486.42542 
59307.5430,3087.04028 
59298.8984,4682.64355 
59310.9219,6263.65479 
59321.7930,7808.01270 
59324.1328,9341.47070 
59347.7969,10896.8984 
59353.0898,12454.5479 
59350.4805,14003.6719 
59360.4844,15531.5186 
59373.6250,17079.3887 
59366.3047,18623.9707 
59349.4453,20205.1055 
59349.4141,21762.4180 
59348.1641,23314.1328 
59336.8906,24904.3340 
59332.0234,26487.7637 
59333.3555,28054.8613 
59354.6680,29619.7363 
59385.1523,31206.2520 
59391.2305,32779.6055 
59400.6367,34357.9570 
59434.2500,35916.3164 
59456.9766,37483.9648 
59454.4375,39046.0508 
59438.7773,40588.8555 
59420.9219,42170.4570 
59413.6484,43750.4531 
59398.4727,45337.5703 
59379.7266,46923.2773 
59381.6836,48503.4102 
60884.8047,99879.1484 
60884.9961,1487.52185 
60893.3477,3088.30444 
60896.0781,4683.87012 
60898.1953,6276.70068 
60888.7188,7797.11768 
60882.3008,9349.13574 
60888.8945,10909.3584 
60896.8438,12456.1162 
60910.0977,14012.0332 
60917.2148,15544.1377 
60925.8281,17088.2930 
60940.1250,18620.8789 
60947.8750,20199.5742 
60939.8125,21762.6523 
60937.1680,23308.1074 
60926.1172,24885.3203 
60908.5273,26481.7031 
60911.7266,28066.6309 
60927.0781,29648.2363 
60944.2578,31224.9824 
60961.3945,32787.5469 
60988.5859,34384.5312 
61013.6328,35943.8906 
61014.6836,37486.3008 
61001.1836,39033.0938 
60990.6250,40574.2305 
60989.5625,42162.8828 
60988.9180,43744.6875 
60991.9453,45329.9180 
60996.9219,46917.5234 
60990.6992,48505.9453 
62456.6797,99886.7734 
62469.4102,1495.88367 
62475.8008,3094.47656 
62469.3789,4677.86035 
62448.2695,6262.29053 
62440.5430,7793.35498 
62458.0156,9357.81055 
62462.8203,10911.7910 
62470.3008,12473.4844 
62486.1289,14021.6123 
62486.0117,15543.5195 
62489.7617,17101.2402 
62511.3086,18645.6621 
62536.4219,20204.1855 
62534.8281,21750.0352 
62524.3398,23306.0820 
62514.9805,24869.6504 
62502.9453,26475.0781 
62507.0430,28076.5000 
62513.1289,29654.8340 
62517.2930,31237.4062 
62536.8203,32815.6406 
62563.9180,34414.6406 
62573.3086,35946.5625 
62563.3750,37471.6523 
62559.1797,39024.8945 
62565.4102,40578.6016 
62583.0273,42174.7773 
62601.6953,43751.7852 
62615.5469,45343.9570 
62625.6758,46919.4297 
62623.7266,48497.1953 
64048.7695,99908.7422 
64072.8320,1508.06189 
64067.6094,3085.28320 
64044.3633,4657.10010 
64028.2852,6245.87451 
64033.5117,7810.11279 
64050.6445,9373.71680 
64052.7266,10909.6387 
64054.8867,12484.9834 
64062.6172,14028.4502 
64066.2422,15543.6055 
64070.1055,17111.6816 
64086.1289,18672.4434 
64113.1289,20226.4844 
64127.6836,21744.5039 
64116.3867,23291.4863 
64099.4688,24854.4785 
64087.1367,26468.0195 
64084.8945,28085.4199 
64098.6719,29664.2715 
64118.1289,31251.2598 
64133.2188,32832.1758 
64130.9492,34419.5703 
64120.7930,35941.6602 
64124.0781,37474.3867 
64140.5156,39036.2109 
64156.2070,40592.9336 
64176.6133,42199.8828 
64203.5508,43771.5078 
64214.8984,45349.8633 
64214.7695,46924.3359 
64223.3086,48496.0430 
65668.9766,99934.9844 
65679.0469,1512.98352 
65653.6484,3056.75415 
65632.1406,4642.40869 
65635.0391,6247.48730 
65643.0469,7819.69629 
65635.7109,9370.89746 
65622.9922,10907.3408 
65623.3906,12490.6221 
65627.0781,14034.6963 
65631.7188,15544.5029 
65631.0781,17116.5098 
65638.5391,18690.7461 
65647.2500,20243.4336 
65651.0312,21746.5352 
65651.5625,23280.0371 
65652.0859,24847.9922 
65653.5547,26460.6211 
65652.7188,28089.8750 
65669.6328,29687.8945 
65697.3359,31274.5977 
65712.3594,32838.5117 
65710.3516,34407.4062 
65700.9688,35934.9297 
65700.5078,37485.2422 
65711.3516,39052.3086 
65726.6875,40608.9375 
65744.9453,42223.3867 
65768.2344,43795.4219 
65786.0469,45353.6211 
65790.2734,46929.4336 
65793.1250,48499.2383 
67260.3750,99946.1797 
67256.3828,1498.38135 
67241.8672,3030.20654 
67231.9688,4637.20020 
67225.9531,6253.70020 
67228.5469,7822.17139 
67220.9609,9351.30957 
67203.4922,10896.2549 
67187.3516,12482.3154 
67168.6641,14034.7832 
67175.6953,15552.3350 
67185.4062,17117.5664 
67185.5391,18695.4355 
67181.8984,20240.7734 
67180.5547,21751.6309 
67199.5156,23291.7344 
67222.0000,24859.2070 
67239.5000,26467.8457 
67254.1484,28100.7266 
67275.1719,29715.5410 
67294.5625,31291.6270 
67291.7266,32838.3828 
67285.8125,34403.1328 
67280.6328,35927.5859 
67275.9922,37488.0742 
67286.5078,39067.0078 
67305.3984,40626.3164 
67320.2266,42240.9414 
67333.8359,43815.9922 
67345.3125,45363.4102 
67343.7344,46926.2031 
67330.6172,48490.8984 
68796.5703,99947.4609 
68798.5391,1499.93433 
68817.9531,3035.66455 
68828.0156,4628.11572 
68811.8438,6240.36328 
68795.7031,7819.64014 
68790.9531,9342.54492 
68795.5391,10889.8623 
68788.6250,12456.4385 
68756.9453,14016.9199 
68751.0312,15568.9258 
68761.8828,17120.2637 
68752.4062,18688.4785 
68739.0312,20233.6504 
68742.0547,21764.9297 
68774.0078,23326.4238 
68813.3984,24887.2910 
68845.1250,26490.1152 
68865.2656,28114.7715 
68865.6016,29727.3887 
68857.0000,31290.3145 
68848.5859,32827.1406 
68842.5469,34398.1641 
68840.0781,35923.4492 
68846.4297,37493.7422 
68860.9531,39087.0195 
68883.4062,40644.3086 
68892.9453,42246.0977 
68887.3125,43819.4531 
68880.4844,45363.2188 
68875.5703,46918.0117 
68868.3516,48478.4727 
70363.3672,99942.5938 
70357.6016,1506.72131 
70369.8750,3060.83716 
70389.6719,4632.43994 
70385.4062,6220.66211 
70366.6875,7805.88037 
70367.3828,9350.50293 
70386.8438,10904.1250 
70391.3047,12439.0273 
70365.9297,13985.4248 
70342.8516,15570.5361 
70342.4297,17119.6211 
70326.8906,18664.5000 
70302.7969,20223.2383 
70310.8203,21786.3848 
70338.8438,23364.2031 
70371.3984,24923.5137 
70405.5156,26521.0117 
70425.7891,28121.1855 
70410.7578,29704.5664 
70382.5078,31277.7402 
70389.3125,32833.4219 
70398.4844,34394.5742 
70396.1328,35929.2188 
70405.2188,37503.6094 
70406.7266,39100.6562 
70429.0156,40671.8008 
70454.9062,42248.8867 
70453.4375,43808.8047 
70440.1641,45351.1836 
70422.0938,46910.9531 
70408.3359,48467.4414 
71945.8984,99941.9766 
71943.3828,1503.64368 
71946.4219,3075.75342 
71949.3203,4636.82666 
71939.2578,6204.93848 
71927.4062,7796.40869 
71930.1250,9365.74414 
71940.8594,10917.3672 
71945.8828,12433.9053 
71946.2734,13963.1875 
71929.9297,15554.3887 
71912.4922,17115.3691 
71905.2500,18644.6562 
71901.1406,20217.4746 
71908.6719,21803.7871 
71918.0078,23385.0781 
71940.7188,24956.1992 
71967.6875,26546.5098 
71978.8281,28127.0215 
71980.4375,29682.6543 
71970.5781,31266.6699 
71972.1016,32850.7070 
71975.4375,34390.4258 
71966.3750,35927.2578 
71961.7109,37503.5469 
71960.0859,39102.6758 
71967.7031,40699.2109 
71975.1016,42260.3203 
71977.4375,43806.2070 
71972.8594,45333.1680 
71948.5781,46885.3438 
71926.9219,48452.5234 
73509.8516,99939.6719 
73504.7969,1500.64673 
73499.4531,3075.27319 
73488.4531,4629.01855 
73487.7344,6199.86865 
73490.3828,7790.84570 
73482.0469,9364.83789 
73471.6250,10917.6357 
73470.1016,12443.6904 
73487.4062,13971.9404 
73490.0625,15531.8252 
73463.8906,17097.2539 
73462.3750,18651.6406 
73484.4141,20229.1914 
73499.4062,21810.8887 
73508.6719,23395.0176 
73522.1172,24980.9180 
73531.8281,26556.9023 
73533.0938,28133.3516 
73546.8281,29692.9316 
73563.6953,31265.0664 
73556.7344,32844.8477 
73544.7031,34385.6797 
73541.5547,35918.8047 
73532.8594,37501.1367 
73536.1875,39107.1641 
73525.8594,40688.1445 
73497.1016,42247.9141 
73482.9297,43804.2773 
73471.1562,45321.0430 
73463.4844,46869.3828 
73465.7344,48446.9883 
75058.6094,99937.2344 
75061.9219,1498.00012 
75049.2500,3057.54883 
75024.9609,4617.26221 
75022.1094,6209.31592 
75032.6328,7793.97852 
75037.9609,9355.37500 
75024.8828,10900.6875 
75003.8984,12440.6279 
75005.0234,13990.0176 
75022.6094,15528.5088 
75025.5938,17083.5098 
75029.4922,18668.6738 
75045.9609,20251.0762 
75065.5156,21828.8125 
75084.9609,23408.1504 
75091.0234,24985.2129 
75085.4531,26554.2227 
75082.2344,28135.9355 
75089.4766,29711.9023 
75107.2578,31279.2910 
75112.1172,32830.3867 
75100.2812,34379.6719 
75097.9688,35913.5898 
75087.4531,37489.8906 
75072.4375,39103.2969 
75053.8516,40662.6953 
75034.2891,42227.8594 
75015.5000,43785.1875 
74991.2188,45305.5625 
74994.1562,46879.0195 
75007.4375,48451.0234 
76603.2109,99934.6328 
76595.6953,1495.63965 
76583.6406,3035.38281 
76573.8281,4603.87695 
76574.4141,6212.77588 
76578.7891,7806.05322 
76589.2656,9359.92285 
76584.5312,10881.2686 
76569.1641,12426.5332 
76566.4297,14001.5977 
76582.8359,15550.3662 
76607.4844,17092.5977 
76616.3906,18673.7637 
76616.5703,20260.6367 
76620.7500,21842.1777 
76626.5703,23420.0254 
76639.5234,24988.9062 
76642.2031,26546.9551 
76636.2812,28137.6523 
76641.3125,29719.8965 
76636.0547,31285.4238 
76631.3906,32827.0664 
76632.0938,34374.6836 
76637.8984,35917.3750 
76647.5078,37480.8164 
76634.0703,39080.5312 
76600.5859,40636.1094 
76574.2109,42210.9727 
76558.3984,43763.6055 
76548.1094,45297.7227 
76552.2109,46893.3164 
76554.3203,48451.2539 
78158.1016,99918.3828 
78140.1172,1482.12939 
78132.6484,3031.33911 
78145.6094,4615.16162 
78161.4062,6217.32910 
78156.8047,7805.00293 
78149.8984,9361.83594 
78146.8828,10871.0264 
78138.9844,12416.7637 
78126.7500,13997.6602 
78118.1094,15566.4414 
78134.5391,17116.7773 
78152.1719,18677.2852 
78156.2578,20262.8926 
78167.9062,21849.0859 
78183.4219,23431.4180 
78200.0938,25006.2793 
78208.3672,26541.0684 
78199.9141,28133.5879 
78192.0859,29715.4102 
78171.0234,31264.3105 
78155.2031,32827.8008 
78165.1406,34383.8281 
78178.3125,35931.6055 
78189.1562,37487.1719 
78181.5234,39055.4297 
78160.3281,40605.4844 
78150.4531,42198.0156 
78146.6562,43754.5781 
78134.1719,45289.2383 
78119.7500,46888.8438 
78111.3750,48448.6875 
79736.8359,99908.0156 
79731.1172,1470.24597 
79725.6406,3031.98901 
79728.3125,4629.96289 
79732.2422,6219.82471 
79719.6562,7790.16650 
79706.2734,9357.85840 
79705.1875,10869.5449 
79705.4688,12410.7725 
79701.5391,13982.1309 
79684.1172,15555.1592 
79670.0859,17128.4160 
79676.7422,18688.7324 
79693.0469,20275.0195 
79714.7031,21872.8828 
79735.6719,23446.7324 
79735.7500,25012.5020 
79740.0938,26546.7051 
79751.9141,28128.6406 
79746.9375,29702.7207 
79736.3281,31243.6230 
79720.9219,32820.8125 
79712.2812,34392.4531 
79717.4609,35940.5703 
79719.6562,37486.0078 
79715.4609,39046.5000 
79725.6719,40607.6680 
79736.1719,42199.1719 
79726.0469,43743.8086 
79722.5781,45279.5078 
79724.3047,46878.6406 
79708.6953,48440.2852 
81307.2812,99911.6250 
81316.1406,1469.42542 
81319.3047,3031.83130 
81324.9766,4633.13037 
81315.0000,6207.27783 
81288.7031,7767.03613 
81264.8750,9345.59668 
81253.1250,10867.6279 
81250.6406,12412.4004 
81249.7344,13978.9043 
81245.9922,15538.8496 
81237.6719,17119.1777 
81241.0391,18703.7969 
81260.5312,20294.8711 
81271.0156,21888.0684 
81273.9688,23451.8184 
81272.8047,25005.3594 
81272.0547,26558.9570 
81275.8750,28135.3418 
81274.3594,29698.4102 
81274.6484,31237.7246 
81269.0625,32803.8711 
81258.7188,34386.9922 
81262.5547,35950.0508 
81274.3828,37487.5039 
81278.0234,39050.2266 
81287.1250,40623.6094 
81287.2031,42190.0352 
81274.1172,43736.9688 
81292.1016,45299.6055 
81301.4219,46868.5781 
81270.3359,48409.2852 
82857.0078,99927.1875 
82865.2656,1474.39722 
82868.1328,3038.74756 
82868.8359,4631.23242 
82855.1094,6185.91992 
82847.9688,7747.66650 
82841.9844,9329.06348 
82833.5312,10861.4697 
82827.7266,12405.7256 
82813.7109,13969.9678 
82804.7500,15537.8828 
82811.9688,17123.3613 
82821.5156,18714.1016 
82821.3672,20303.6035 
82814.6328,21884.7148 
82805.5781,23452.8906 
82812.6016,25010.9512 
82813.8672,26550.5332 
82790.9297,28122.2461 
82779.7188,29696.2441 
82781.7812,31241.1055 
82791.4453,32806.6016 
82801.5859,34387.2969 
82805.0469,35960.0078 
82816.1797,37498.3281 
82824.0234,39053.3750 
82830.1953,40632.5820 
82835.1641,42181.7812 
82830.1250,43736.5586 
82831.3203,45315.7500 
82826.6719,46853.7930 
82817.5156,48384.7500 
84389.8203,99930.4375 
84385.5547,1474.53210 
84389.5391,3040.36865 
84384.9609,4620.30615 
84385.1641,6187.72900 
84410.5703,7763.64453 
84422.9531,9325.32715 
84415.0547,10855.2139 
84409.5312,12400.0098 
84413.0859,13961.8438 
84412.3047,15533.2832 
84407.7500,17132.3320 
84407.7656,18712.4492 
84387.0234,20286.7695 
84362.0938,21867.5625 
84338.8438,23439.3164 
84327.5547,25020.0879 
84333.8984,26543.7617 
84334.1094,28109.1094 
84338.8359,29698.7363 
84341.0156,31243.6172 
84342.7734,32817.3594 
84345.4141,34390.6602 
84346.3047,35964.8320 
84358.8438,37512.8359 
84375.1016,39060.9922 
84376.3750,40635.5117 
84365.3828,42178.4336 
84358.0547,43731.0430 
84349.7891,45308.5195 
84338.7031,46847.0859 
84338.0547,48385.4570 
85921.9609,99922.0547 
85924.5859,1481.01855 
85941.0469,3051.15405 
85958.6875,4623.51270 
85976.7578,6205.86523 
85987.2188,7780.30957 
85983.5859,9319.87891 
85974.4688,10844.4893 
85968.1953,12400.8506 
85978.0234,13976.5322 
85988.1094,15528.5410 
85973.6094,17121.7266 
85954.3984,18697.0742 
85930.0078,20256.6348 
85909.9375,21848.9727 
85898.8359,23419.3340 
85882.8828,25014.2734 
85881.6484,26553.0332 
85894.2578,28117.5684 
85896.8906,29702.0684 
85899.1016,31245.4355 
85905.5859,32817.7539 
85897.9922,34385.3320 
85895.9531,35972.1875 
85912.4219,37533.7852 
85932.9531,39073.8125 
85929.3438,40617.3633 
85901.5312,42158.2266 
85885.7812,43724.4102 
85871.7969,45294.9297 
85858.5859,46838.9492 
85860.1484,48389.5273 
87474.6562,99925.9141 
87489.2344,1493.46497 
87499.2109,3068.29712 
87519.5703,4649.18311 
87536.7266,6216.64746 
87528.7969,7773.00000 
87518.1250,9312.37695 
87514.6875,10839.6006 
87512.4141,12398.4189 
87509.2031,13985.0225 
87511.5703,15526.8135 
87504.7031,17102.4492 
87495.0234,18683.4297 
87496.7344,20243.2500 
87490.7422,21838.7949 
87472.4062,23403.2637 
87443.1250,24994.2266 
87428.2031,26559.0605 
87434.9922,28123.1348 
87430.7031,29696.7148 
87435.2031,31258.5215 
87444.3359,32818.3711 
87435.4141,34373.8711 
87437.3672,35982.0352 
87452.4297,37551.9141 
87460.6875,39084.0000 
87461.9766,40605.4648 
87462.2578,42143.7734 
87459.7500,43710.8984 
87439.9219,45272.9336 
87426.3828,46837.2188 
87431.8203,48399.2344 
89060.8047,99944.5625 
89082.2109,1507.27759 
89088.9531,3073.78418 
89088.6016,4661.62891 
89078.8984,6210.19189 
89066.1953,7760.20361 
89060.2656,9306.61621 
89059.9531,10840.1670 
89059.7188,12393.3574 
89049.6328,13980.8535 
89051.6641,15532.4385 
89058.2812,17097.6660 
89059.4062,18688.7012 
89070.2422,20251.3145 
89065.6562,21821.5098 
89037.5234,23369.7539 
88997.2734,24957.4043 
88967.2500,26553.7520 
88967.5156,28128.8633 
88975.6172,29696.7930 
88978.8750,31264.0410 
88971.0234,32812.0039 
88968.8828,34372.4727 
88976.5234,35995.0977 
88982.4844,37560.3242 
88982.4062,39082.3125 
88982.2812,40610.0781 
89000.4141,42160.0938 
89024.3281,43713.6328 
89028.1953,45257.2227 
89017.4844,46830.4102 
89007.5234,48397.8398 
90634.2422,99965.5781 
90649.5469,1521.97241 
90660.7109,3076.69043 
90655.9453,4648.11963 
90636.1406,6194.56641 
90633.0312,7758.97070 
90634.2656,9305.20996 
90634.5234,10844.5010 
90634.3281,12385.1514 
90619.0781,13968.5098 
90614.4453,15541.6338 
90624.8984,17101.3711 
90626.4219,18689.2461 
90622.3672,20252.6230 
90612.1562,21805.6953 
90599.0469,23344.9062 
90579.3203,24920.5430 
90549.0469,26532.5801 
90533.5078,28132.9297 
90535.3359,29705.7910 
90540.3203,31261.8652 
90545.0156,32810.2031 
90555.2266,34377.8359 
90540.7422,35984.8086 
90514.1484,37555.7305 
90512.5469,39085.3711 
90529.7891,40624.8516 
90561.3281,42189.8047 
90585.5703,43731.4766 
90591.0234,45254.3086 
90584.0625,46818.5273 
90581.6094,48397.5312 
92189.5312,99985.7891 
92200.9609,1531.58484 
92210.6484,3088.02295 
92218.6016,4637.91260 
92211.4141,6181.52832 
92197.5000,7755.62793 
92181.6953,9296.29590 
92168.5391,10841.7041 
92162.9922,12379.6328 
92159.1562,13956.3770 
92155.6875,15546.6182 
92166.6641,17114.4609 
92178.0000,18690.0742 
92176.2969,20245.0723 
92166.6953,21792.7578 
92158.8516,23337.8867 
92156.7578,24904.3008 
92142.2266,26506.8105 
92116.0859,28115.6445 
92095.6484,29702.2598 
92095.6719,31270.5703 
92112.9141,32828.5703 
92128.1562,34380.3555 
92112.2969,35948.5820 
92076.6875,37530.3242 
92059.9922,39091.5195 
92074.9609,40657.1719 
92108.6484,42222.7891 
92127.1172,43742.1562 
92140.0547,45258.3516 
92151.3906,46815.3633 
92155.0000,48407.6602 
93742.8516,7.60989714 
93750.7812,1534.04382 
93747.4062,3094.00513 
93752.7656,4646.71484 
93763.6719,6174.67188 
93750.5078,7733.48730 
93735.6875,9283.15625 
93730.9844,10830.8301 
93722.2188,12376.0781 
93721.7422,13955.0820 
93719.6719,15546.9854 
93723.0312,17126.4922 
93724.7656,18690.6699 
93715.0312,20238.8086 
93713.2422,21788.3398 
93719.3281,23339.5977 
93727.3281,24905.1348 
93726.5859,26489.8594 
93709.9219,28090.9785 
93694.3750,29690.6309 
93687.8984,31274.5000 
93682.1641,32838.2461 
93680.9688,34384.0273 
93681.2031,35930.5820 
93673.7734,37508.5625 
93666.2656,39084.4219 
93659.5312,40669.7656 
93656.8281,42238.9922 
93664.6406,43756.8320 
93688.9375,45284.3008 
93714.8906,46829.8086 
93729.4688,48411.8477 
95285.7969,12.2378340 
95277.9297,1532.30823 
95279.7812,3090.81909 
95278.6328,4654.08496 
95281.9688,6180.81299 
95284.0625,7722.13428 
95285.0859,9284.83984 
95291.1328,10829.8555 
95297.4141,12375.5703 
95303.7266,13955.2002 
95297.6953,15542.2012 
95292.5391,17129.2012 
95288.4219,18680.4023 
95277.5703,20228.8320 
95278.7969,21797.3008 
95293.4297,23352.9062 
95312.5781,24919.0039 
95331.8438,26489.7031 
95326.0156,28073.1426 
95305.2734,29678.1602 
95290.9219,31262.4746 
95272.5938,32822.8438 
95256.5312,34380.9414 
95251.9922,35930.0820 
95249.1328,37508.4414 
95257.1016,39086.9023 
95259.3281,40657.2617 
95240.9062,42229.1523 
95235.4922,43768.8398 
95243.7656,45302.6172 
95252.9844,46848.9297 
95273.8516,48426.9570 
96855.1328,99990.9141 
96840.2500,1530.55981 
96848.8359,3099.80103 
96850.4453,4646.98438 
96837.2656,6178.39014 
96838.6406,7726.82715 
96846.7031,9288.11426 
96847.6797,10836.2607 
96860.4844,12391.3760 
96870.0625,13955.4033 
96858.6953,15528.1875 
96843.5781,17122.9414 
96845.1719,18682.1191 
96859.8594,20229.5469 
96859.8359,21801.1113 
96858.7266,23366.0215 
96877.6797,24946.6660 
96907.2656,26507.1387 
96909.7109,28053.6270 
96888.8750,29658.3027 
96877.4688,31252.2656 
96867.1562,32804.1914 
96848.4922,34366.6875 
96833.3984,35919.3789 
96815.3984,37499.3633 
96808.6484,39098.8438 
96816.7656,40653.8633 
96808.1641,42211.0469 
96798.4219,43768.9023 
96800.9922,45307.8359 
96811.4297,46862.2695 
96824.6484,48444.3789 
98397.2969,99979.8438 
98403.1641,1530.56104 
98395.8906,3101.15845 
98388.1016,4639.40820 
98386.6016,6171.99072 
98396.2344,7741.33252 
98411.5859,9294.07910 
98414.1797,10838.3457 
98418.6953,12401.6055 
98418.9219,13951.2803 
98416.7734,15516.9004 
98406.8438,17110.7930 
98395.8516,18694.0293 
98402.1250,20238.8809 
98396.5000,21789.2500 
98393.5547,23371.3770 
98407.6953,24971.0586 
98424.7422,26526.7070 
98436.7578,28048.4551 
98433.8359,29643.0371 
98414.1172,31239.6406 
98395.7812,32789.0703 
98382.4688,34350.6094 
98375.9844,35910.4297 
98376.0312,37485.2227 
98360.9844,39090.7539 
98340.7734,40650.6133 
98341.2031,42209.3320 
98357.8203,43773.2969 
98369.0000,45316.2695 
98383.1484,46877.6367 
98396.8438,48451.9414 
49894.6328,50031.9453 
49918.0742,51585.5117 
49939.8516,53172.8242 
49959.8633,54754.1797 
49967.7266,56296.0273 
49977.8086,57851.1602 
50004.1602,59402.8672 
50035.3906,60973.7891 
50053.2305,62563.6719 
50053.0000,64149.3086 
50053.5508,65722.9531 
50056.5938,67290.4375 
50061.9609,68871.5859 
50056.9141,70428.8047 
50045.4414,71976.2891 
50051.1289,73535.9531 
50043.0742,75093.3516 
50031.0898,76653.4922 
50049.6914,78187.6953 
50080.5000,79708.3438 
50085.7656,81250.4688 
50074.7812,82816.6016 
50076.9688,84396.2188 
50075.2539,85946.0938 
50076.7383,87491.8750 
50085.8750,89065.7578 
50076.3711,90611.1328 
50071.7344,92165.3516 
50060.3164,93712.4766 
50041.6562,95253.0312 
50041.8086,96835.3438 
50036.3906,98402.1406 
51468.3008,50042.8086 
51477.3438,51607.4922 
51501.3750,53200.1602 
51522.3555,54772.4492 
51538.2812,56302.9258 
51549.6836,57863.6875 
51568.9141,59434.3789 
51605.8125,61010.6641 
51639.2188,62579.1562 
51647.1016,64143.8828 
51642.2734,65724.8516 
51651.1016,67297.0469 
51652.3906,68868.6016 
51635.8516,70410.5156 
51618.7695,71966.0469 
51612.1523,73538.6406 
51615.9727,75088.2109 
51618.7383,76655.8203 
51621.9141,78209.9141 
51630.4688,79727.2656 
51644.5312,81253.0156 
51662.9766,82818.9375 
51668.1367,84392.9297 
51662.4492,85940.2891 
51665.8008,87501.7344 
51655.6016,89055.4062 
51629.8984,90599.3984 
51625.5625,92169.9219 
51623.4336,93694.0469 
51612.0859,95241.3438 
51601.5469,96831.8281 
51592.2188,98391.4766 
53062.0234,50052.1758 
53084.2852,51625.2695 
53096.7695,53212.5820 
53093.8359,54780.1562 
53104.0859,56321.8906 
53126.0859,57880.5078 
53150.1641,59461.7734 
53168.8320,61038.2969 
53180.8477,62601.0508 
53200.5273,64147.0859 
53202.4805,65723.8047 
53205.8047,67308.8359 
53211.2930,68860.0469 
53204.5117,70398.0703 
53205.6758,71960.8828 
53203.4805,73534.7344 
53195.2109,75089.6797 
53189.8750,76654.2109 
53183.0781,78204.2109 
53176.9727,79730.6719 
53194.9805,81282.2266 
53229.9258,82844.5000 
53244.0234,84393.3672 
53245.1719,85941.5469 
53237.2812,87492.1250 
53206.8086,89022.2969 
53178.5352,90576.3984 
53156.0195,92161.1094 
53151.6016,93697.7422 
53166.6211,95239.3047 
53156.9766,96816.2891 
53137.6602,98382.0938 
54625.0234,50079.1055 
54645.5625,51646.4180 
54661.1484,53218.1094 
54672.1406,54782.3789 
54686.7148,56341.1875 
54711.9492,57905.6055 
54734.0859,59481.9297 
54738.5312,61038.3789 
54741.4766,62615.9141 
54763.7109,64168.5703 
54778.5234,65722.8125 
54781.0625,67314.7578 
54782.7578,68860.4766 
54781.0664,70396.2500 
54779.4922,71964.0703 
54779.9219,73529.2891 
54774.3359,75077.2500 
54759.3164,76644.6250 
54751.8828,78201.7109 
54762.2070,79740.1562 
54774.0898,81303.3984 
54772.5000,82857.9141 
54772.1523,84395.0625 
54770.9141,85937.2734 
54759.2344,87471.4766 
54744.2266,88998.2969 
54731.4258,90559.1484 
54716.0352,92142.0469 
54709.7656,93707.1094 
54712.1445,95242.2969 
54692.0781,96789.0938 
54655.3438,98355.8203 
56197.0938,50085.5156 
56204.9688,51661.1367 
56223.0664,53236.2891 
56240.9414,54797.8242 
56260.9023,56365.2773 
56286.4180,57930.2500 
56292.5391,59488.9414 
56299.8242,61046.2852 
56316.8672,62628.4805 
56317.3789,64182.0352 
56329.2969,65737.1250 
56343.7227,67315.6328 
56334.4531,68854.3281 
56330.3359,70394.6484 
56331.6250,71961.2891 
56329.5859,73531.3594 
56330.0586,75071.7422 
56321.7891,76628.9062 
56308.8984,78199.0234 
56304.7500,79750.0156 
56296.4766,81294.2344 
56279.9961,82848.2578 
56287.8867,84404.8281 
56298.4492,85933.5703 
56295.5352,87465.2891 
56295.3789,88988.8672 
56273.9180,90538.7188 
56253.2773,92132.0078 
56251.1406,93705.9844 
56244.0977,95231.8828 
56229.1602,96758.7344 
56202.3359,98323.5625 
57794.7383,50090.2969 
57807.9961,51678.2148 
57821.5273,53252.6797 
57833.9102,54812.6562 
57851.1094,56388.0898 
57861.5195,57937.9219 
57853.5430,59482.2109 
57854.2812,61061.4805 
57853.3711,62627.1016 
57840.1953,64176.0742 
57847.2656,65758.4141 
57862.1992,67319.7031 
57863.8672,68844.8672 
57866.3906,70402.0312 
57877.2812,71964.9453 
57875.9648,73525.1953 
57863.5938,75064.9219 
57854.1680,76619.5156 
57843.7969,78185.5469 
57822.6562,79735.5078 
57806.7969,81280.9844 
57803.4531,82845.9531 
57803.2266,84419.1328 
57808.5938,85935.6641 
57813.5898,87467.7109 
57819.3203,88984.1094 
57809.9102,90510.4453 
57794.5312,92123.0938 
57784.0234,93699.4531 
57767.6250,95222.6406 
57766.4688,96751.1641 
57767.6250,98308.4453 
59391.4648,50098.9492 
59389.2578,51681.7188 
59386.0742,53259.3086 
59390.3438,54822.8086 
59385.0312,56394.8477 
59380.0664,57937.7031 
59390.9609,59485.0000 
59402.2422,61062.0586 
59395.1172,62613.3203 
59393.1758,64174.8203 
59390.8164,65763.2578 
59388.8320,67331.3359 
59408.1953,68854.8359 
59415.2461,70405.2344 
59408.8828,71967.4844 
59400.8086,73516.8984 
59395.1953,75054.6719 
59386.9336,76609.1641 
59369.9688,78168.4062 
59349.0664,79713.2188 
59335.6367,81276.2109 
59328.8008,82836.5312 
59304.9453,84407.0312 
59303.8750,85948.9219 
59329.0234,87481.2812 
59344.6172,88993.7656 
59364.9766,90512.5703 
59371.7188,92112.8750 
59348.9219,93674.0078 
59325.6523,95208.3359 
59325.9805,96761.4062 
59334.5352,98307.4141 
60989.1328,50101.4414 
60985.0312,51674.0547 
60984.5781,53262.8828 
60980.5234,54811.4609 
60945.7109,56367.6836 
60923.7578,57939.3828 
60935.7891,59506.5078 
60953.1016,61071.3867 
60967.3438,62616.7148 
60977.7930,64178.8203 
60969.0273,65747.2969 
60950.2539,67331.8359 
60946.1562,68868.5312 
60946.5781,70400.0703 
60933.2773,71950.4766 
60911.5820,73505.2891 
60909.5312,75057.2344 
60910.4648,76595.3906 
60884.9492,78142.9531 
60857.0977,79692.3281 
60841.1250,81267.7109 
60834.8047,82823.9688 
60822.5859,84386.9844 
60818.1836,85967.6016 
60837.0742,87502.4609 
60849.9922,89009.8828 
60871.9375,90538.3359 
60883.0000,92104.6484 
60876.9648,93658.1562 
60889.0195,95208.1484 
60890.6992,96763.3594 
60885.5078,98306.6328 
62612.4336,50094.5234 
62598.4453,51665.9922 
62588.3398,53261.7188 
62572.5430,54790.3477 
62553.5586,56337.2930 
62545.0195,57936.8281 
62546.0977,59515.9023 
62549.9297,61083.6680 
62561.3438,62630.8789 
62560.0430,64175.2500 
62541.3711,65727.8828 
62515.9961,67308.3125 
62487.3164,68856.3047 
62470.5977,70393.4375 
62456.1172,71931.7109 
62442.0078,73491.5312 
62436.9180,75063.6250 
62439.8906,76587.4375 
62427.7109,78112.2656 
62411.1484,79675.2812 
62408.1484,81261.0391 
62402.1289,82819.5781 
62395.4570,84375.3672 
62386.3125,85968.8359 
62388.5625,87515.1172 
62395.7891,89019.4844 
62402.8633,90554.8594 
62406.6523,92103.2188 
62414.5000,93673.2266 
62434.9141,95224.5938 
62437.3477,96754.5703 
62440.7852,98311.2656 
64214.0625,50076.6406 
64200.6016,51655.3789 
64187.7266,53241.6094 
64161.5391,54771.6328 
64158.0742,56334.2305 
64154.1641,57932.2383 
64143.0000,59513.7930 
64140.6602,61089.3320 
64144.4453,62635.3086 
64132.2305,64154.5273 
64106.1875,65703.2031 
64080.7930,67278.5000 
64046.5039,68826.0938 
64011.2109,70369.7500 
63989.0820,71917.9766 
63984.5156,73482.6328 
63968.7617,75054.2109 
63964.3359,76594.7891 
63984.7461,78112.8125 
63999.1875,79678.1562 
64000.8672,81256.1094 
63987.2500,82808.5547 
63983.9492,84371.6719 
63978.4453,85960.2500 
63970.3516,87519.7422 
63981.4453,89027.6172 
63992.8398,90559.1953 
63994.3477,92102.9531 
63990.2344,93680.3438 
63986.9102,95231.5156 
63999.1953,96764.0156 
64023.8594,98331.0156 
65783.2500,50059.3945 
65772.2891,51649.9648 
65759.6641,53219.2812 
65741.0156,54757.4805 
65738.7969,56335.8359 
65729.3750,57914.3281 
65706.6172,59497.0039 
65682.7031,61081.7734 
65663.3516,62627.8164 
65644.9062,64134.2227 
65631.0859,65685.3672 
65614.0312,67249.9609 
65581.9922,68787.0781 
65552.4844,70340.1250 
65538.2734,71912.2578 
65539.2500,73480.7891 
65540.2891,75039.8750 
65542.5781,76606.4062 
65554.6250,78134.1328 
65563.0000,79685.5312 
65563.5469,81249.1719 
65565.1328,82804.5156 
65569.5391,84372.9453 
65557.3203,85942.2422 
65546.5391,87522.9141 
65571.4219,89054.5625 
65599.6719,90571.8906 
65606.6328,92100.7188 
65600.6250,93670.1719 
65595.8438,95235.1953 
65618.5234,96793.4297 
65648.4688,98354.5625 
67323.1172,50050.6797 
67317.8828,51639.5508 
67302.6016,53201.4688 
67296.2812,54750.8867 
67293.4141,56333.9297 
67293.0781,57905.8164 
67285.2578,59471.8242 
67248.2969,61045.7070 
67204.5078,62598.2539 
67176.2969,64115.2070 
67156.7031,65671.2109 
67136.6562,67230.4062 
67131.5547,68771.2656 
67132.6562,70326.9297 
67120.9609,71900.4453 
67111.6797,73485.1328 
67127.8438,75055.2578 
67145.6953,76612.9688 
67144.2109,78134.2266 
67139.5781,79686.1953 
67145.2500,81256.1328 
67155.4062,82812.5391 
67159.2812,84372.3828 
67165.2266,85933.5703 
67171.9766,87532.7500 
67185.4531,89083.7109 
67201.9297,90586.8906 
67212.4141,92104.0703 
67216.9609,93664.4531 
67209.7109,95238.5312 
67218.8828,96824.4375 
67246.3594,98378.2969 
68857.7188,50046.9297 
68845.7344,51626.9102 
68837.3203,53196.4844 
68847.2031,54755.5469 
68845.7422,56327.5273 
68838.6875,57907.6367 
68832.0938,59452.8984 
68802.8125,61000.2070 
68763.7734,62562.1875 
68743.9531,64098.2422 
68728.7422,65646.0547 
68705.1250,67214.1719 
68695.0234,68775.0156 
68690.9453,70325.8281 
68697.8359,71896.7891 
68710.6953,73488.7031 
68711.5312,75068.3750 
68713.5781,76621.6250 
68726.5078,78136.4453 
68737.8438,79689.3516 
68748.4062,81266.1641 
68753.8438,82814.6562 
68755.3047,84381.0625 
68768.1406,85946.4297 
68761.4688,87528.5078 
68748.7266,89090.9844 
68762.9609,90604.4219 
68788.8672,92121.3906 
68805.5391,93664.1172 
68795.2812,95223.7578 
68783.6094,96836.1562 
68792.7188,98396.8359 
70393.7734,50032.0078 
70383.7188,51614.8633 
70382.0312,53199.8477 
70383.2500,54760.9062 
70377.3047,56316.9023 
70365.8516,57898.1445 
70348.8203,59437.3008 
70334.2422,60973.4023 
70318.5547,62536.3906 
70301.6719,64088.9336 
70295.9688,65635.0000 
70294.1484,67200.3516 
70281.2734,68759.5312 
70267.2344,70322.0156 
70277.0703,71919.2266 
70295.8672,73499.8906 
70298.1484,75060.2344 
70296.1797,76627.8906 
70308.0938,78155.1406 
70324.1094,79703.6875 
70338.0469,81279.9531 
70347.0547,82815.3438 
70343.6094,84381.3125 
70333.7734,85942.0234 
70319.0156,87506.8281 
70310.1094,89089.8516 
70316.0156,90626.2812 
70335.8438,92148.2812 
70357.7812,93674.8438 
70368.4531,95214.4375 
70365.9531,96831.9688 
70363.1328,98401.9375 
71921.1562,50026.1289 
71923.2344,51616.4805 
71927.6016,53200.6250 
71925.5938,54755.4023 
71922.6016,56312.5469 
71916.1484,57881.5508 
71888.3750,59413.3750 
71871.5859,60968.7852 
71873.6719,62526.2695 
71859.9531,64070.9688 
71845.1406,65633.4297 
71843.1172,67198.4922 
71836.9531,68749.0625 
71843.2422,70326.3516 
71853.5234,71928.3438 
71850.2188,73505.9453 
71857.8359,75067.2812 
71870.2266,76633.7266 
71878.8203,78166.8203 
71889.7500,79712.1328 
71886.2031,81282.8750 
71884.9922,82819.3359 
71888.9844,84374.7422 
71884.6719,85934.1719 
71892.2734,87508.6094 
71900.9531,89089.0469 
71895.2891,90628.1328 
71896.1562,92164.1406 
71909.6250,93694.7891 
71935.9219,95230.5703 
71949.7891,96827.1953 
71944.0703,98401.7266 
73460.2656,50020.3906 
73447.3047,51614.9414 
73450.9062,53207.7070 
73457.6797,54753.8945 
73452.7734,56309.5664 
73444.6250,57866.3789 
73432.9922,59388.0430 
73419.6328,60961.4766 
73404.7969,62521.1094 
73391.4688,64055.3281 
73384.3516,65626.9453 
73378.5703,67189.9219 
73367.6406,68744.5234 
73373.9141,70344.9375 
73390.1250,71932.0078 
73387.5938,73498.8672 
73380.7188,75075.1953 
73381.7656,76642.2266 
73397.3359,78186.9062 
73426.5234,79725.0156 
73437.8594,81277.7656 
73448.4609,82829.7969 
73462.5938,84378.5703 
73470.1641,85937.6406 
73477.7812,87518.3125 
73470.8594,89084.3984 
73461.1562,90622.1250 
73458.9219,92166.4219 
73462.9609,93712.2734 
73488.5312,95263.1250 
73513.7422,96832.9219 
73514.9609,98397.4688 
75001.0156,50005.7852 
74994.7500,51609.8984 
74993.0781,53212.9375 
74985.0234,54750.6523 
74983.3125,56303.6641 
74984.0938,57864.6406 
74998.5234,59393.9219 
75004.8438,60944.3320 
74968.5703,62489.1758 
74931.1797,64039.2969 
74916.3359,65623.7266 
74913.6016,67184.7812 
74911.7188,68739.7812 
74912.7812,70356.2266 
74923.5859,71944.2422 
74935.9609,73496.1016 
74931.8516,75065.1016 
74917.3906,76639.7969 
74920.8516,78210.7734 
74945.7656,79752.1016 
74971.4219,81295.1641 
74998.1094,82852.0078 
75021.2344,84393.8438 
75046.4453,85956.5547 
75062.5703,87517.3594 
75052.7969,89067.5156 
75046.6016,90619.2578 
75049.8750,92166.8672 
75051.7969,93720.4375 
75060.7812,95286.9844 
75069.7734,96841.8203 
75063.7031,98391.7109 
76555.4453,50004.3164 
76564.6406,51611.5586 
76550.2734,53193.8594 
76532.2734,54745.8164 
76542.3125,56311.7969 
76543.1641,57867.0430 
76546.4688,59413.1406 
76549.0781,60931.3164 
76526.4141,62447.4375 
76500.4688,64010.6289 
76480.8594,65611.5156 
76470.4688,67181.8984 
76467.6406,68739.0391 
76467.7344,70358.2891 
76468.1875,71955.8438 
76478.5625,73507.3594 
76481.9766,75054.3984 
76472.6328,76629.1016 
76473.2891,78223.8047 
76490.8906,79777.9531 
76517.5234,81321.4062 
76541.2500,82877.6797 
76565.9609,84418.9141 
76585.4922,85977.3594 
76593.9375,87523.4609 
76614.7500,89074.0703 
76637.8438,90627.3359 
76640.4297,92167.5312 
76636.8359,93721.6250 
76638.4531,95293.5781 
76636.1875,96836.0234 
76619.7500,98375.3438 
78116.8281,50016.3828 
78124.2422,51612.2852 
78115.5000,53173.9961 
78112.6406,54748.4883 
78111.8047,56313.2578 
78097.6406,57855.2539 
78080.4688,59407.0156 
78056.3203,60915.4141 
78047.9844,62438.5742 
78056.7578,64003.2695 
78053.6250,65598.2422 
78041.5938,67173.5234 
78040.6641,68741.6875 
78043.3984,70354.7812 
78030.1016,71950.6875 
78024.9375,73514.5703 
78030.5703,75054.9766 
78038.7188,76629.8203 
78042.1641,78227.2344 
78044.3516,79797.1406 
78065.8047,81346.7344 
78081.5078,82893.7734 
78092.4219,84441.0781 
78116.3203,85992.0547 
78145.1328,87543.8203 
78178.6562,89109.1094 
78198.2422,90637.8281 
78197.2656,92161.0469 
78196.4297,93719.7891 
78189.2031,95289.0781 
78175.1172,96826.1641 
78168.7266,98361.0547 
79695.4922,50019.4883 
79689.9844,51607.8086 
79680.8906,53166.1250 
79668.2656,54743.7578 
79655.2500,56302.4023 
79652.5000,57844.2109 
79637.8828,59380.9023 
79615.1562,60894.5156 
79608.1250,62442.3828 
79602.6250,64006.9492 
79601.4531,65592.1484 
79601.6406,67167.9141 
79605.9141,68748.7969 
79602.9141,70344.5859 
79582.5938,71933.3281 
79574.8828,73516.2109 
79577.1328,75060.5859 
79579.5859,76639.8047 
79591.6719,78231.3750 
79607.3125,79808.1719 
79624.1250,81367.9062 
79639.1719,82898.9609 
79641.6094,84450.9766 
79656.5469,86027.9922 
79695.0312,87581.6484 
79718.4062,89128.3516 
79728.6484,90645.1406 
79744.5547,92169.2500 
79754.6953,93720.5547 
79744.1406,95270.6172 
79732.2109,96817.6719 
79736.0938,98362.4141 
81240.5469,50004.2812 
81222.9609,51599.1484 
81214.6094,53154.4727 
81202.3750,54724.6992 
81191.2266,56299.9648 
81194.9844,57845.5625 
81189.7734,59364.3672 
81190.0469,60891.5703 
81187.2109,62428.4648 
81162.9844,63992.3984 
81158.7188,65599.3438 
81170.3359,67175.8047 
81178.0703,68751.9531 
81171.8125,70328.2578 
81157.2734,71917.6172 
81153.3516,73519.1719 
81161.0781,75060.6250 
81156.3906,76636.9297 
81155.6250,78251.9062 
81177.9219,79829.0156 
81191.9453,81384.0000 
81219.5781,82922.8047 
81251.1094,84454.4062 
81245.9219,86035.0000 
81240.8594,87604.0781 
81256.2969,89144.3281 
81276.6406,90663.3438 
81289.6953,92182.0547 
81288.4922,93716.0703 
81281.4375,95260.7891 
81285.7109,96823.5625 
81296.5000,98370.0234 
82799.8672,49975.7930 
82761.6172,51576.2266 
82748.4375,53156.2148 
82758.2734,54718.4609 
82747.3047,56289.7617 
82731.6016,57842.1172 
82729.9766,59362.8789 
82735.7891,60900.4023 
82743.2500,62420.8906 
82748.2500,63981.2852 
82747.1172,65600.5781 
82743.3359,67182.1797 
82746.6328,68755.3281 
82750.1016,70324.0391 
82755.3047,71912.0469 
82749.8281,73519.7344 
82754.7969,75074.4609 
82772.3516,76631.1797 
82764.7500,78248.9844 
82752.8672,79837.8750 
82752.6094,81394.1719 
82766.8672,82962.4062 
82803.5469,84482.7109 
82826.0547,86024.4375 
82819.6719,87601.2969 
82815.9922,89157.2656 
82816.0625,90672.5234 
82819.0703,92187.2344 
82831.7188,93717.9609 
82842.9375,95261.8594 
82844.3047,96828.1953 
82845.0156,98379.6562 
84336.7812,49952.0547 
84315.9609,51541.8008 
84293.8125,53155.6797 
84290.7656,54721.8398 
84288.1562,56272.2617 
84283.5938,57836.7461 
84288.2656,59367.6680 
84287.5469,60902.2930 
84287.3047,62432.5781 
84303.9219,63996.8320 
84319.5547,65600.0469 
84321.0547,67180.2812 
84317.8672,68755.2734 
84316.5781,70331.1016 
84328.0469,71919.7578 
84329.8281,73508.2188 
84326.5391,75088.8281 
84353.7734,76654.9219 
84373.7500,78237.1875 
84357.2344,79822.4219 
84341.6406,81389.8828 
84326.8984,82966.2891 
84327.1641,84514.2812 
84356.1484,86043.0000 
84362.5625,87591.0781 
84349.9062,89149.6172 
84348.4922,90671.8516 
84353.8984,92196.8984 
84365.8438,93737.7109 
84386.2812,95275.2109 
84396.5469,96826.7422 
84395.1719,98380.4766 
85870.8984,49955.5977 
85877.9219,51527.4102 
85862.8516,53134.7305 
85844.9453,54719.1992 
85848.6562,56278.0938 
85852.9141,57839.0742 
85845.2656,59367.5352 
85844.4688,60897.7695 
85841.9219,62430.6133 
85838.6406,64009.8047 
85845.0234,65609.8984 
85849.5859,67180.7031 
85858.1016,68755.4062 
85868.2109,70334.5703 
85869.5156,71928.4297 
85878.2500,73513.5312 
85895.8828,75102.2578 
85910.7812,76683.7734 
85924.7188,78242.9531 
85924.0391,79805.2266 
85916.3672,81378.4062 
85910.1250,82951.3906 
85902.8438,84522.3047 
85902.6172,86058.4688 
85901.8203,87583.5859 
85899.5156,89146.2656 
85900.0859,90677.4453 
85901.8672,92200.3438 
85911.2969,93751.7266 
85925.5547,95290.8359 
85929.0312,96829.5078 
85927.2500,98376.5391 
87437.3281,49966.1250 
87446.1094,51532.3633 
87456.2188,53123.7031 
87451.7188,54707.7227 
87435.0312,56273.2656 
87406.2344,57817.5156 
87373.9297,59354.9219 
87375.7578,60909.9258 
87393.7812,62433.3711 
87397.7422,64007.5039 
87391.7578,65609.8906 
87399.4375,67194.1172 
87433.5312,68784.6016 
87464.7344,70346.3594 
87469.3203,71924.6250 
87469.1719,73526.2891 
87472.7969,75111.8984 
87465.4375,76683.9922 
87462.1484,78249.7734 
87474.9844,79810.8516 
87492.7812,81383.9297 
87502.9531,82949.8281 
87487.6797,84504.2109 
87452.4688,86044.1406 
87443.6250,87586.6016 
87444.0391,89140.6484 
87425.2188,90668.5000 
87428.6719,92212.6484 
87454.8281,93772.3281 
87467.0156,95295.6562 
87467.5078,96826.2969 
87468.0859,98375.0781 
89005.0234,49967.7617 
89009.6406,51545.0312 
89023.4844,53138.4219 
89035.4844,54702.4453 
89028.7266,56251.3203 
89008.9062,57783.3281 
88987.6328,59334.3789 
88974.8203,60917.1250 
88973.1250,62444.2305 
88975.4609,64005.2617 
88973.3047,65607.8281 
88982.5234,67216.3125 
88996.6328,68813.9609 
89010.9297,70365.0234 
89031.3828,71932.0078 
89037.3906,73523.7266 
89023.0234,75101.1484 
89015.4688,76677.2578 
89018.7500,78256.0391 
89035.9297,79834.9453 
89064.8359,81405.0703 
89074.0078,82948.2969 
89059.2500,84471.1641 
89031.0703,86012.9375 
89008.6406,87582.1250 
88982.3594,89119.7734 
88961.0547,90658.6172 
88974.6875,92237.5547 
88990.6719,93787.8984 
89000.1094,95304.3984 
89024.5547,96839.6406 
89044.1797,98382.5938 
90599.1719,49977.5273 
90611.8359,51548.5117 
90608.9766,53145.2891 
90605.6094,54705.7031 
90601.0781,56243.1602 
90598.9922,57776.2266 
90606.3984,59327.3086 
90597.6250,60900.7383 
90579.2656,62438.9844 
90578.6484,64006.5820 
90584.0938,65611.3594 
90583.1094,67218.1016 
90568.9375,68811.2422 
90571.7734,70384.0703 
90592.2344,71950.7812 
90594.1172,73514.2344 
90583.4219,75089.7422 
90584.6016,76681.4844 
90589.2969,78262.7969 
90602.0938,79861.1562 
90623.1172,81423.7578 
90624.5234,82943.3359 
90627.0156,84466.3984 
90637.5938,86000.1172 
90618.5938,87548.7578 
90577.2578,89082.2344 
90553.7891,90652.1797 
90541.8203,92245.0078 
90536.1719,93793.8672 
90555.3750,95328.9531 
90584.7500,96869.2969 
90610.9297,98402.1719 
92168.9219,50002.0742 
92186.5938,51556.7500 
92185.3594,53134.1719 
92169.0703,54695.4961 
92162.8047,56237.8789 
92163.9062,57782.5664 
92173.0234,59334.6523 
92163.0312,60878.6484 
92141.8359,62429.4453 
92147.5859,64016.1445 
92156.3281,65615.1328 
92153.7344,67207.7969 
92144.3438,68798.5000 
92133.6172,70390.9141 
92130.9766,71959.5625 
92138.8438,73512.5156 
92144.1562,75087.8125 
92143.5781,76684.7188 
92148.2656,78267.7422 
92153.1172,79873.3750 
92153.5234,81430.7578 
92156.5703,82942.4688 
92160.9062,84477.5000 
92162.2109,86001.7500 
92152.4219,87523.0781 
92148.8047,89065.0859 
92151.6797,90638.0547 
92129.7500,92218.6484 
92109.2500,93795.6953 
92116.5156,95352.1953 
92130.1797,96891.3438 
92157.1875,98433.7656 
93726.5312,50005.3711 
93720.6719,51562.9336 
93720.8359,53124.0000 
93710.2891,54684.8164 
93703.7812,56238.3477 
93703.9219,57787.4531 
93711.4922,59339.0039 
93708.5234,60857.7539 
93701.4453,62424.9961 
93712.1250,64030.0195 
93718.7500,65615.6406 
93715.4375,67205.4922 
93712.4609,68790.0000 
93697.3828,70372.5312 
93684.3047,71960.8438 
93696.1641,73528.8047 
93707.0391,75088.3359 
93703.5469,76684.5469 
93709.8047,78277.2891 
93704.8594,79863.5781 
93679.6250,81423.0469 
93675.5625,82949.6172 
93682.1797,84478.0781 
93682.1484,85995.0391 
93684.4922,87522.3594 
93698.8203,89081.2188 
93716.8984,90644.2734 
93729.3516,92204.7812 
93726.4922,93785.9141 
93714.6328,95352.5781 
93709.6406,96901.3750 
93720.8125,98464.9141 
95285.3672,49998.9375 
95287.6797,51565.1875 
95293.8359,53122.5039 
95282.5156,54667.4453 
95261.8359,56227.2109 
95258.7344,57792.6914 
95265.1562,59346.3281 
95270.0234,60860.4922 
95290.0938,62438.1719 
95307.9922,64042.9609 
95318.7656,65617.0703 
95313.9141,67194.5703 
95292.5391,68778.1250 
95283.5625,70361.7344 
95282.0312,71959.5156 
95281.1016,73540.6641 
95290.6250,75092.9844 
95291.9531,76681.5156 
95281.7109,78275.0859 
95255.8828,79832.7578 
95219.2578,81396.1250 
95203.4766,82951.0078 
95207.2656,84487.4688 
95224.4375,86007.2578 
95248.3594,87539.0391 
95269.9375,89096.7656 
95282.8594,90660.3359 
95298.3750,92220.5000 
95306.4141,93780.3906 
95302.7500,95342.7422 
95299.2578,96897.4844 
95294.6328,98470.7578 
96832.2109,50005.2695 
96835.5781,51570.4453 
96833.1484,53121.4180 
96833.9844,54656.6758 
96837.4844,56221.8438 
96844.1641,57799.8398 
96844.0625,59341.4062 
96844.3203,60872.7344 
96866.6094,62463.3125 
96879.4219,64053.9727 
96889.6875,65629.8906 
96900.2109,67183.6172 
96890.8828,68759.5156 
96881.2891,70360.7344 
96875.3438,71952.5000 
96866.2969,73540.1250 
96865.6094,75099.6562 
96853.0547,76668.1719 
96827.5469,78251.8828 
96799.8438,79799.4531 
96781.2031,81376.7656 
96780.6719,82947.5312 
96781.2422,84492.8203 
96789.4922,86026.9609 
96810.6719,87566.3281 
96838.3594,89119.8359 
96858.7031,90670.9219 
96857.8438,92224.1094 
96851.2891,93780.5938 
96856.3906,95347.5312 
96869.1406,96902.2109 
96873.0547,98462.6016 
98401.9531,50008.1680 
98400.0000,51564.9141 
98389.0391,53116.8047 
98386.5234,54664.0117 
98386.3828,56224.5703 
98386.0859,57805.4258 
98401.4766,59350.7305 
98433.3594,60895.3984 
98457.7500,62479.8047 
98462.4453,64054.5898 
98458.5625,65636.8125 
98459.3359,67190.0781 
98461.2578,68750.9453 
98448.5859,70350.4922 
98442.5938,71947.0312 
98440.5156,73533.4297 
98419.6953,75082.0000 
98385.2188,76637.9141 
98354.3125,78225.2422 
98329.4844,79777.1406 
98320.1172,81376.6016 
98332.5625,82958.5938 
98349.4922,84500.7891 
98365.4766,86042.1875 
98378.4922,87584.0000 
98388.3203,89141.9062 
98402.8047,90680.6719 
98400.5469,92211.9141 
98393.0078,93778.2812 
98399.7734,95358.2969 
98409.1484,96912.1641 
98404.3906,98454.1875 
